# daqReadThreshold => 0
   1.0092   0.0200  -0.1341  -0.1761  -0.1843  -0.1630  -0.1561   0.0140
   1.0133   0.0192  -0.1347  -0.1761  -0.1836  -0.1627  -0.1569   0.0134
   0.7506   0.0195  -0.1364  -0.1768  -0.1846  -0.1633  -0.1562   0.0139
   0.3152   0.0195  -0.1369  -0.1767  -0.1843  -0.1630  -0.1566   0.0136
  -0.1807   0.0198  -0.1358  -0.1758  -0.1831  -0.1617  -0.1556   0.0145
  -0.6461   0.0198  -0.1364  -0.1755  -0.1833  -0.1624  -0.1553   0.0137
  -0.9808   0.0198  -0.1367  -0.1759  -0.1822  -0.1619  -0.1559   0.0150
  -1.1127   0.0189  -0.1372  -0.1764  -0.1836  -0.1620  -0.1562   0.0136
  -1.0031   0.0195  -0.1370  -0.1762  -0.1834  -0.1617  -0.1564   0.0127
  -0.6798   0.0198  -0.1358  -0.1758  -0.1828  -0.1616  -0.1559   0.0153
  -0.2150   0.0191  -0.1357  -0.1762  -0.1834  -0.1627  -0.1559   0.0134
   0.2797   0.0200  -0.1341  -0.1750  -0.1823  -0.1608  -0.1550   0.0145
   0.7208   0.0200  -0.1332  -0.1750  -0.1825  -0.1614  -0.1556   0.0143
   0.9984   0.0197  -0.1332  -0.1747  -0.1823  -0.1613  -0.1556   0.0137
   1.0266   0.0204  -0.1334  -0.1743  -0.1817  -0.1616  -0.1550   0.0154
   0.7790   0.0197  -0.1343  -0.1747  -0.1822  -0.1613  -0.1558   0.0137
   0.3523   0.0200  -0.1352  -0.1753  -0.1823  -0.1616  -0.1553   0.0137
  -0.1402   0.0195  -0.1352  -0.1750  -0.1820  -0.1617  -0.1556   0.0140
  -0.6129   0.0203  -0.1364  -0.1762  -0.1825  -0.1616  -0.1562   0.0133
  -0.9644   0.0204  -0.1364  -0.1762  -0.1831  -0.1617  -0.1553   0.0131
  -1.1073   0.0192  -0.1370  -0.1762  -0.1833  -0.1616  -0.1559   0.0136
  -1.0168   0.0206  -0.1355  -0.1755  -0.1820  -0.1616  -0.1552   0.0145
  -0.7103   0.0200  -0.1352  -0.1756  -0.1826  -0.1614  -0.1555   0.0145
  -0.2534   0.0192  -0.1340  -0.1746  -0.1826  -0.1611  -0.1555   0.0136
   0.2432   0.0201  -0.1331  -0.1749  -0.1820  -0.1616  -0.1555   0.0139
   0.6908   0.0203  -0.1331  -0.1743  -0.1814  -0.1611  -0.1550   0.0137
   0.9842   0.0198  -0.1334  -0.1746  -0.1817  -0.1614  -0.1547   0.0137
   1.0353   0.0197  -0.1332  -0.1747  -0.1820  -0.1613  -0.1553   0.0143
   0.8063   0.0204  -0.1341  -0.1744  -0.1816  -0.1616  -0.1553   0.0148
   0.3896   0.0201  -0.1343  -0.1750  -0.1825  -0.1617  -0.1559   0.0143
  -0.1031   0.0192  -0.1353  -0.1755  -0.1833  -0.1617  -0.1556   0.0136
  -0.5794   0.0203  -0.1364  -0.1756  -0.1825  -0.1619  -0.1556   0.0145
  -0.9441   0.0203  -0.1372  -0.1755  -0.1834  -0.1619  -0.1556   0.0137
  -1.1028   0.0197  -0.1372  -0.1761  -0.1826  -0.1625  -0.1561   0.0133
  -1.0316   0.0198  -0.1372  -0.1759  -0.1833  -0.1619  -0.1561   0.0137
  -0.7397   0.0200  -0.1357  -0.1761  -0.1831  -0.1624  -0.1555   0.0146
  -0.2895   0.0198  -0.1346  -0.1755  -0.1833  -0.1616  -0.1559   0.0143
   0.2068   0.0197  -0.1347  -0.1755  -0.1823  -0.1616  -0.1559   0.0133
   0.6616   0.0191  -0.1335  -0.1741  -0.1825  -0.1616  -0.1556   0.0145
   0.9706   0.0195  -0.1332  -0.1746  -0.1823  -0.1610  -0.1559   0.0136
   1.0431   0.0191  -0.1338  -0.1753  -0.1828  -0.1617  -0.1555   0.0133
   0.8310   0.0200  -0.1335  -0.1750  -0.1828  -0.1617  -0.1566   0.0137
   0.4228   0.0201  -0.1353  -0.1756  -0.1831  -0.1619  -0.1556   0.0145
  -0.0664   0.0203  -0.1361  -0.1762  -0.1826  -0.1625  -0.1564   0.0146
  -0.5463   0.0195  -0.1369  -0.1765  -0.1836  -0.1617  -0.1562   0.0137
  -0.9227   0.0198  -0.1372  -0.1765  -0.1839  -0.1625  -0.1559   0.0143
  -1.0974   0.0198  -0.1370  -0.1767  -0.1837  -0.1624  -0.1561   0.0140
  -1.0454   0.0195  -0.1369  -0.1759  -0.1836  -0.1624  -0.1562   0.0134
  -0.7672   0.0200  -0.1358  -0.1759  -0.1831  -0.1619  -0.1561   0.0140
  -0.3246   0.0197  -0.1350  -0.1758  -0.1831  -0.1620  -0.1558   0.0139
   0.1694   0.0195  -0.1346  -0.1750  -0.1826  -0.1624  -0.1562   0.0139
   0.6319   0.0197  -0.1338  -0.1755  -0.1826  -0.1619  -0.1558   0.0145
   0.9555   0.0195  -0.1334  -0.1750  -0.1820  -0.1611  -0.1555   0.0139
   1.0484   0.0191  -0.1334  -0.1753  -0.1823  -0.1616  -0.1553   0.0137
   0.8536   0.0197  -0.1343  -0.1753  -0.1823  -0.1617  -0.1558   0.0139
   0.4575   0.0201  -0.1352  -0.1756  -0.1834  -0.1620  -0.1564   0.0140
  -0.0307   0.0195  -0.1358  -0.1759  -0.1837  -0.1620  -0.1561   0.0139
  -0.5147   0.0200  -0.1372  -0.1768  -0.1837  -0.1631  -0.1562   0.0145
  -0.9023   0.0200  -0.1370  -0.1762  -0.1834  -0.1620  -0.1562   0.0150
  -1.0918   0.0200  -0.1378  -0.1767  -0.1836  -0.1624  -0.1564   0.0133
  -1.0564   0.0192  -0.1373  -0.1765  -0.1834  -0.1619  -0.1566   0.0139
  -0.7942   0.0200  -0.1364  -0.1758  -0.1839  -0.1620  -0.1561   0.0134
  -0.3590   0.0203  -0.1349  -0.1747  -0.1823  -0.1620  -0.1562   0.0137
   0.1346   0.0195  -0.1347  -0.1750  -0.1822  -0.1617  -0.1564   0.0128
   0.6027   0.0203  -0.1343  -0.1747  -0.1826  -0.1617  -0.1553   0.0148
   0.9398   0.0197  -0.1331  -0.1747  -0.1826  -0.1616  -0.1559   0.0139
   1.0551   0.0197  -0.1334  -0.1749  -0.1822  -0.1614  -0.1558   0.0137
   0.8763   0.0192  -0.1343  -0.1755  -0.1833  -0.1619  -0.1564   0.0136
   0.4909   0.0200  -0.1352  -0.1755  -0.1823  -0.1620  -0.1558   0.0139
   0.0043   0.0201  -0.1360  -0.1761  -0.1840  -0.1617  -0.1556   0.0134
  -0.4817   0.0197  -0.1367  -0.1767  -0.1834  -0.1617  -0.1562   0.0139
  -0.8800   0.0198  -0.1375  -0.1764  -0.1836  -0.1624  -0.1567   0.0140
  -1.0835   0.0206  -0.1367  -0.1756  -0.1833  -0.1624  -0.1561   0.0146
  -1.0658   0.0200  -0.1366  -0.1759  -0.1833  -0.1616  -0.1564   0.0136
  -0.8206   0.0198  -0.1364  -0.1762  -0.1826  -0.1628  -0.1564   0.0139
  -0.3920   0.0192  -0.1352  -0.1756  -0.1828  -0.1619  -0.1564   0.0143
   0.0977   0.0198  -0.1338  -0.1753  -0.1828  -0.1616  -0.1553   0.0146
   0.5731   0.0197  -0.1343  -0.1746  -0.1825  -0.1616  -0.1558   0.0145
   0.9227   0.0200  -0.1338  -0.1750  -0.1819  -0.1613  -0.1561   0.0139
   1.0602   0.0198  -0.1341  -0.1755  -0.1826  -0.1624  -0.1559   0.0140
   0.8929   0.0191  -0.1343  -0.1758  -0.1828  -0.1617  -0.1561   0.0131
   0.5191   0.0195  -0.1347  -0.1755  -0.1828  -0.1624  -0.1562   0.0134
   0.0357   0.0198  -0.1360  -0.1764  -0.1833  -0.1620  -0.1572   0.0140
  -0.4515   0.0195  -0.1366  -0.1762  -0.1836  -0.1628  -0.1569   0.0143
  -0.8611   0.0192  -0.1372  -0.1767  -0.1833  -0.1630  -0.1572   0.0137
  -1.0770   0.0192  -0.1378  -0.1767  -0.1840  -0.1628  -0.1566   0.0143
  -1.0741   0.0200  -0.1375  -0.1765  -0.1833  -0.1628  -0.1562   0.0153
  -0.8423   0.0197  -0.1364  -0.1767  -0.1834  -0.1627  -0.1561   0.0139
  -0.4236   0.0197  -0.1352  -0.1756  -0.1836  -0.1619  -0.1564   0.0140
   0.0691   0.0204  -0.1349  -0.1756  -0.1834  -0.1620  -0.1559   0.0151
   0.5450   0.0200  -0.1343  -0.1756  -0.1825  -0.1619  -0.1559   0.0148
   0.9055   0.0197  -0.1340  -0.1758  -0.1825  -0.1624  -0.1558   0.0139
   1.0616   0.0200  -0.1346  -0.1759  -0.1833  -0.1627  -0.1562   0.0137
   0.9123   0.0206  -0.1347  -0.1755  -0.1831  -0.1627  -0.1564   0.0146
   0.5489   0.0198  -0.1349  -0.1758  -0.1834  -0.1617  -0.1564   0.0151
   0.0719   0.0201  -0.1364  -0.1759  -0.1837  -0.1620  -0.1562   0.0146
  -0.4211   0.0201  -0.1366  -0.1770  -0.1825  -0.1619  -0.1567   0.0136
  -0.8382   0.0198  -0.1375  -0.1762  -0.1836  -0.1624  -0.1566   0.0143
  -1.0706   0.0198  -0.1375  -0.1770  -0.1840  -0.1624  -0.1566   0.0143
  -1.0796   0.0200  -0.1370  -0.1765  -0.1833  -0.1628  -0.1566   0.0140
  -0.8640   0.0192  -0.1375  -0.1773  -0.1843  -0.1639  -0.1575   0.0148
  -0.4536   0.0195  -0.1367  -0.1768  -0.1843  -0.1631  -0.1567   0.0150
   0.0346   0.0200  -0.1360  -0.1767  -0.1843  -0.1628  -0.1572   0.0145
   0.5165   0.0200  -0.1355  -0.1765  -0.1839  -0.1628  -0.1564   0.0143
   0.8888   0.0206  -0.1335  -0.1753  -0.1820  -0.1617  -0.1561   0.0137
   1.0573   0.0198  -0.1335  -0.1744  -0.1820  -0.1617  -0.1558   0.0140
   0.9244   0.0197  -0.1344  -0.1750  -0.1819  -0.1616  -0.1562   0.0145
   0.5708   0.0200  -0.1352  -0.1753  -0.1826  -0.1619  -0.1562   0.0151
   0.0966   0.0200  -0.1360  -0.1755  -0.1831  -0.1617  -0.1567   0.0145
  -0.3975   0.0195  -0.1370  -0.1764  -0.1836  -0.1627  -0.1562   0.0137
  -0.8209   0.0200  -0.1378  -0.1768  -0.1837  -0.1628  -0.1562   0.0140
  -1.0648   0.0191  -0.1390  -0.1790  -0.1851  -0.1637  -0.1581   0.0145
  -1.0878   0.0198  -0.1369  -0.1765  -0.1837  -0.1619  -0.1569   0.0140
  -0.8810   0.0203  -0.1366  -0.1756  -0.1836  -0.1627  -0.1564   0.0146
  -0.4788   0.0189  -0.1355  -0.1759  -0.1833  -0.1625  -0.1569   0.0139
   0.0104   0.0201  -0.1344  -0.1753  -0.1826  -0.1627  -0.1556   0.0148
   0.4947   0.0197  -0.1338  -0.1743  -0.1822  -0.1614  -0.1553   0.0145
   0.8731   0.0197  -0.1332  -0.1740  -0.1820  -0.1616  -0.1556   0.0143
   1.0522   0.0197  -0.1341  -0.1738  -0.1822  -0.1616  -0.1553   0.0136
   0.9410   0.0206  -0.1341  -0.1746  -0.1822  -0.1616  -0.1559   0.0148
   0.6017   0.0197  -0.1346  -0.1750  -0.1828  -0.1620  -0.1564   0.0146
   0.1279   0.0200  -0.1360  -0.1768  -0.1834  -0.1631  -0.1572   0.0133
  -0.3665   0.0198  -0.1366  -0.1764  -0.1831  -0.1630  -0.1575   0.0136
  -0.7961   0.0204  -0.1361  -0.1761  -0.1828  -0.1613  -0.1559   0.0140
  -1.0541   0.0201  -0.1364  -0.1759  -0.1826  -0.1619  -0.1559   0.0143
  -1.0927   0.0197  -0.1369  -0.1761  -0.1826  -0.1619  -0.1561   0.0145
  -0.8998   0.0198  -0.1364  -0.1756  -0.1828  -0.1619  -0.1566   0.0140
  -0.5070   0.0203  -0.1349  -0.1755  -0.1828  -0.1616  -0.1556   0.0139
  -0.0230   0.0189  -0.1346  -0.1753  -0.1819  -0.1619  -0.1561   0.0133
   0.4642   0.0200  -0.1338  -0.1750  -0.1826  -0.1617  -0.1566   0.0145
   0.8545   0.0195  -0.1340  -0.1750  -0.1823  -0.1616  -0.1561   0.0139
   1.0480   0.0195  -0.1338  -0.1753  -0.1828  -0.1625  -0.1558   0.0137
   0.9543   0.0197  -0.1349  -0.1753  -0.1826  -0.1614  -0.1566   0.0136
   0.6244   0.0197  -0.1352  -0.1758  -0.1833  -0.1628  -0.1561   0.0136
   0.1591   0.0197  -0.1357  -0.1755  -0.1834  -0.1627  -0.1564   0.0131
  -0.3363   0.0198  -0.1369  -0.1765  -0.1828  -0.1627  -0.1569   0.0133
  -0.7733   0.0192  -0.1373  -0.1768  -0.1839  -0.1628  -0.1564   0.0143
  -1.0451   0.0198  -0.1379  -0.1765  -0.1837  -0.1625  -0.1569   0.0146
  -1.0976   0.0195  -0.1373  -0.1768  -0.1836  -0.1631  -0.1567   0.0130
  -0.9181   0.0191  -0.1369  -0.1764  -0.1837  -0.1633  -0.1567   0.0136
  -0.5374   0.0208  -0.1358  -0.1756  -0.1834  -0.1631  -0.1567   0.0134
  -0.0536   0.0198  -0.1358  -0.1761  -0.1833  -0.1624  -0.1562   0.0140
   0.4364   0.0198  -0.1346  -0.1756  -0.1826  -0.1624  -0.1561   0.0139
   0.8357   0.0188  -0.1349  -0.1753  -0.1828  -0.1620  -0.1566   0.0143
   1.0428   0.0203  -0.1343  -0.1755  -0.1831  -0.1624  -0.1567   0.0151
   0.9705   0.0197  -0.1349  -0.1755  -0.1828  -0.1625  -0.1566   0.0136
   0.6546   0.0201  -0.1350  -0.1759  -0.1837  -0.1631  -0.1566   0.0140
   0.1927   0.0197  -0.1366  -0.1761  -0.1836  -0.1628  -0.1567   0.0140
  -0.3036   0.0203  -0.1376  -0.1768  -0.1837  -0.1625  -0.1575   0.0136
  -0.7494   0.0198  -0.1373  -0.1772  -0.1843  -0.1633  -0.1575   0.0140
  -1.0327   0.0198  -0.1375  -0.1772  -0.1842  -0.1628  -0.1569   0.0146
  -1.1028   0.0200  -0.1379  -0.1770  -0.1842  -0.1627  -0.1575   0.0148
  -0.9384   0.0195  -0.1372  -0.1762  -0.1839  -0.1627  -0.1573   0.0128
  -0.5659   0.0200  -0.1370  -0.1762  -0.1834  -0.1628  -0.1562   0.0134
  -0.0859   0.0198  -0.1358  -0.1759  -0.1836  -0.1624  -0.1573   0.0139
   0.4036   0.0192  -0.1353  -0.1759  -0.1839  -0.1628  -0.1566   0.0134
   0.8156   0.0200  -0.1343  -0.1756  -0.1831  -0.1631  -0.1562   0.0136
   1.0353   0.0198  -0.1343  -0.1755  -0.1836  -0.1627  -0.1567   0.0136
   0.9821   0.0201  -0.1349  -0.1758  -0.1836  -0.1628  -0.1566   0.0146
   0.6784   0.0197  -0.1353  -0.1765  -0.1823  -0.1630  -0.1567   0.0140
   0.2213   0.0198  -0.1361  -0.1764  -0.1837  -0.1625  -0.1564   0.0150
  -0.2759   0.0200  -0.1369  -0.1767  -0.1831  -0.1627  -0.1572   0.0143
  -0.7254   0.0195  -0.1379  -0.1773  -0.1843  -0.1627  -0.1569   0.0140
  -1.0229   0.0203  -0.1379  -0.1768  -0.1837  -0.1630  -0.1569   0.0143
  -1.1063   0.0198  -0.1378  -0.1764  -0.1837  -0.1625  -0.1564   0.0146
  -0.9544   0.0198  -0.1379  -0.1768  -0.1840  -0.1634  -0.1569   0.0148
  -0.5927   0.0198  -0.1366  -0.1761  -0.1837  -0.1627  -0.1569   0.0136
  -0.1152   0.0192  -0.1355  -0.1759  -0.1834  -0.1627  -0.1567   0.0139
   0.3764   0.0195  -0.1344  -0.1764  -0.1825  -0.1625  -0.1567   0.0137
   0.7947   0.0191  -0.1343  -0.1756  -0.1834  -0.1625  -0.1564   0.0137
   1.0291   0.0195  -0.1346  -0.1755  -0.1831  -0.1630  -0.1562   0.0137
   0.9920   0.0191  -0.1346  -0.1756  -0.1833  -0.1628  -0.1567   0.0140
   0.7004   0.0203  -0.1355  -0.1761  -0.1840  -0.1628  -0.1572   0.0148
   0.2499   0.0197  -0.1364  -0.1761  -0.1831  -0.1631  -0.1572   0.0137
  -0.2490   0.0201  -0.1373  -0.1764  -0.1837  -0.1627  -0.1564   0.0140
  -0.7022   0.0191  -0.1379  -0.1775  -0.1837  -0.1633  -0.1576   0.0133
  -1.0114   0.0192  -0.1382  -0.1775  -0.1837  -0.1630  -0.1573   0.0143
  -1.1089   0.0201  -0.1378  -0.1770  -0.1836  -0.1630  -0.1567   0.0137
  -0.9683   0.0200  -0.1379  -0.1767  -0.1836  -0.1628  -0.1567   0.0139
  -0.6171   0.0198  -0.1366  -0.1767  -0.1834  -0.1631  -0.1567   0.0145
  -0.1407   0.0203  -0.1355  -0.1759  -0.1833  -0.1630  -0.1567   0.0150
   0.3505   0.0204  -0.1347  -0.1755  -0.1822  -0.1624  -0.1566   0.0137
   0.7770   0.0197  -0.1343  -0.1756  -0.1837  -0.1627  -0.1569   0.0133
   1.0210   0.0192  -0.1341  -0.1753  -0.1834  -0.1625  -0.1569   0.0137
   1.0014   0.0200  -0.1347  -0.1755  -0.1833  -0.1627  -0.1572   0.0145
   0.7191   0.0200  -0.1355  -0.1759  -0.1831  -0.1624  -0.1562   0.0139
   0.2747   0.0195  -0.1355  -0.1761  -0.1837  -0.1630  -0.1569   0.0148
  -0.2220   0.0198  -0.1372  -0.1764  -0.1843  -0.1630  -0.1567   0.0148
  -0.6844   0.0198  -0.1379  -0.1768  -0.1846  -0.1628  -0.1572   0.0137
  -1.0014   0.0192  -0.1379  -0.1770  -0.1843  -0.1634  -0.1572   0.0139
  -1.1108   0.0198  -0.1375  -0.1773  -0.1848  -0.1636  -0.1576   0.0134
  -0.9805   0.0197  -0.1376  -0.1767  -0.1842  -0.1631  -0.1567   0.0145
  -0.6401   0.0191  -0.1366  -0.1764  -0.1839  -0.1631  -0.1572   0.0134
  -0.1668   0.0197  -0.1358  -0.1764  -0.1840  -0.1630  -0.1569   0.0143
   0.3278   0.0201  -0.1340  -0.1755  -0.1839  -0.1624  -0.1573   0.0159
   0.7549   0.0191  -0.1349  -0.1756  -0.1825  -0.1619  -0.1569   0.0140
   1.0130   0.0191  -0.1346  -0.1764  -0.1836  -0.1624  -0.1572   0.0145
   1.0110   0.0195  -0.1350  -0.1758  -0.1833  -0.1625  -0.1569   0.0140
   0.7401   0.0200  -0.1358  -0.1764  -0.1837  -0.1627  -0.1572   0.0146
   0.3018   0.0204  -0.1370  -0.1765  -0.1843  -0.1628  -0.1575   0.0140
  -0.1921   0.0203  -0.1381  -0.1784  -0.1859  -0.1642  -0.1579   0.0151
  -0.6587   0.0200  -0.1398  -0.1782  -0.1851  -0.1645  -0.1581   0.0154
  -0.9900   0.0201  -0.1398  -0.1785  -0.1857  -0.1642  -0.1582   0.0145
  -1.1150   0.0197  -0.1393  -0.1781  -0.1857  -0.1637  -0.1576   0.0143
  -0.9946   0.0204  -0.1385  -0.1776  -0.1860  -0.1639  -0.1581   0.0143
  -0.6621   0.0200  -0.1367  -0.1761  -0.1836  -0.1624  -0.1569   0.0145
  -0.1971   0.0191  -0.1357  -0.1761  -0.1836  -0.1627  -0.1567   0.0139
   0.3000   0.0197  -0.1347  -0.1755  -0.1825  -0.1619  -0.1561   0.0146
   0.7361   0.0201  -0.1346  -0.1755  -0.1825  -0.1625  -0.1569   0.0150
   1.0034   0.0192  -0.1350  -0.1756  -0.1839  -0.1624  -0.1573   0.0131
   1.0184   0.0200  -0.1353  -0.1761  -0.1836  -0.1631  -0.1572   0.0145
   0.7611   0.0195  -0.1361  -0.1759  -0.1842  -0.1627  -0.1575   0.0150
   0.3290   0.0208  -0.1367  -0.1767  -0.1837  -0.1631  -0.1573   0.0145
  -0.1668   0.0203  -0.1372  -0.1768  -0.1843  -0.1631  -0.1572   0.0139
  -0.6378   0.0198  -0.1372  -0.1767  -0.1837  -0.1633  -0.1573   0.0148
  -0.9766   0.0200  -0.1382  -0.1764  -0.1836  -0.1628  -0.1575   0.0151
  -1.1104   0.0198  -0.1376  -0.1768  -0.1836  -0.1627  -0.1569   0.0154
  -1.0054   0.0198  -0.1370  -0.1761  -0.1833  -0.1620  -0.1572   0.0143
  -0.6850   0.0201  -0.1357  -0.1762  -0.1826  -0.1619  -0.1562   0.0140
  -0.2237   0.0201  -0.1357  -0.1755  -0.1825  -0.1627  -0.1566   0.0136
   0.2744   0.0198  -0.1349  -0.1750  -0.1833  -0.1627  -0.1566   0.0136
   0.7161   0.0200  -0.1338  -0.1749  -0.1820  -0.1619  -0.1561   0.0146
   0.9966   0.0204  -0.1343  -0.1744  -0.1823  -0.1619  -0.1566   0.0143
   1.0263   0.0198  -0.1335  -0.1749  -0.1828  -0.1620  -0.1564   0.0146
   0.7822   0.0197  -0.1349  -0.1758  -0.1828  -0.1619  -0.1567   0.0139
   0.3569   0.0195  -0.1361  -0.1758  -0.1836  -0.1619  -0.1566   0.0143
  -0.1405   0.0198  -0.1369  -0.1758  -0.1836  -0.1628  -0.1569   0.0133
  -0.6119   0.0197  -0.1375  -0.1765  -0.1840  -0.1627  -0.1567   0.0134
  -0.9633   0.0201  -0.1379  -0.1770  -0.1836  -0.1630  -0.1572   0.0137
  -1.1081   0.0201  -0.1369  -0.1770  -0.1837  -0.1627  -0.1567   0.0139
  -1.0164   0.0195  -0.1375  -0.1770  -0.1840  -0.1628  -0.1575   0.0137
  -0.7065   0.0191  -0.1369  -0.1768  -0.1836  -0.1631  -0.1584   0.0136
  -0.2483   0.0195  -0.1357  -0.1761  -0.1831  -0.1630  -0.1566   0.0145
   0.2487   0.0192  -0.1349  -0.1755  -0.1831  -0.1628  -0.1561   0.0137
   0.6963   0.0200  -0.1349  -0.1747  -0.1826  -0.1624  -0.1562   0.0140
   0.9879   0.0197  -0.1343  -0.1756  -0.1834  -0.1627  -0.1567   0.0140
   1.0333   0.0204  -0.1346  -0.1758  -0.1836  -0.1624  -0.1566   0.0143
   0.8020   0.0197  -0.1353  -0.1756  -0.1833  -0.1630  -0.1567   0.0136
   0.3830   0.0198  -0.1369  -0.1764  -0.1836  -0.1630  -0.1576   0.0137
  -0.1099   0.0197  -0.1367  -0.1765  -0.1840  -0.1630  -0.1567   0.0137
  -0.5882   0.0201  -0.1381  -0.1764  -0.1848  -0.1633  -0.1576   0.0130
  -0.9479   0.0195  -0.1384  -0.1772  -0.1842  -0.1628  -0.1573   0.0127
  -1.1040   0.0201  -0.1379  -0.1772  -0.1843  -0.1636  -0.1575   0.0136
  -1.0289   0.0195  -0.1373  -0.1768  -0.1845  -0.1631  -0.1572   0.0137
  -0.7289   0.0197  -0.1370  -0.1765  -0.1837  -0.1633  -0.1575   0.0136
  -0.2766   0.0195  -0.1360  -0.1764  -0.1842  -0.1628  -0.1572   0.0134
   0.2193   0.0198  -0.1353  -0.1758  -0.1831  -0.1630  -0.1573   0.0137
   0.6729   0.0195  -0.1347  -0.1755  -0.1836  -0.1631  -0.1581   0.0134
   0.9781   0.0201  -0.1343  -0.1756  -0.1839  -0.1625  -0.1573   0.0136
   1.0396   0.0197  -0.1347  -0.1756  -0.1836  -0.1625  -0.1567   0.0137
   0.8192   0.0204  -0.1352  -0.1761  -0.1837  -0.1631  -0.1567   0.0137
   0.4070   0.0197  -0.1364  -0.1759  -0.1833  -0.1637  -0.1569   0.0140
  -0.0861   0.0200  -0.1379  -0.1768  -0.1836  -0.1634  -0.1576   0.0139
  -0.5646   0.0197  -0.1373  -0.1767  -0.1840  -0.1631  -0.1575   0.0143
  -0.9351   0.0195  -0.1382  -0.1773  -0.1840  -0.1634  -0.1576   0.0134
  -1.1005   0.0195  -0.1387  -0.1773  -0.1842  -0.1637  -0.1578   0.0137
  -1.0371   0.0197  -0.1382  -0.1764  -0.1842  -0.1631  -0.1572   0.0134
  -0.7489   0.0195  -0.1372  -0.1767  -0.1840  -0.1634  -0.1573   0.0136
  -0.3006   0.0192  -0.1358  -0.1765  -0.1828  -0.1630  -0.1569   0.0143
   0.1941   0.0198  -0.1353  -0.1758  -0.1833  -0.1628  -0.1573   0.0146
   0.6528   0.0192  -0.1349  -0.1759  -0.1834  -0.1628  -0.1567   0.0134
   0.9676   0.0197  -0.1346  -0.1756  -0.1836  -0.1625  -0.1567   0.0143
   1.0448   0.0191  -0.1347  -0.1755  -0.1833  -0.1628  -0.1567   0.0139
   0.8362   0.0195  -0.1358  -0.1759  -0.1839  -0.1628  -0.1567   0.0139
   0.4315   0.0198  -0.1366  -0.1765  -0.1843  -0.1631  -0.1572   0.0140
  -0.0569   0.0200  -0.1367  -0.1773  -0.1842  -0.1631  -0.1572   0.0148
  -0.5412   0.0197  -0.1379  -0.1768  -0.1842  -0.1628  -0.1573   0.0150
  -0.9193   0.0203  -0.1382  -0.1779  -0.1846  -0.1637  -0.1578   0.0137
  -1.0954   0.0191  -0.1385  -0.1768  -0.1849  -0.1634  -0.1573   0.0137
  -1.0454   0.0198  -0.1378  -0.1768  -0.1840  -0.1636  -0.1569   0.0139
  -0.7710   0.0201  -0.1372  -0.1770  -0.1833  -0.1631  -0.1572   0.0145
  -0.3284   0.0195  -0.1355  -0.1761  -0.1837  -0.1637  -0.1575   0.0133
   0.1692   0.0203  -0.1353  -0.1759  -0.1833  -0.1628  -0.1569   0.0140
   0.6320   0.0209  -0.1343  -0.1761  -0.1828  -0.1627  -0.1567   0.0140
   0.9550   0.0197  -0.1344  -0.1756  -0.1831  -0.1633  -0.1569   0.0139
   1.0500   0.0198  -0.1343  -0.1750  -0.1839  -0.1627  -0.1572   0.0143
   0.8525   0.0201  -0.1364  -0.1773  -0.1852  -0.1643  -0.1578   0.0137
   0.4549   0.0200  -0.1376  -0.1785  -0.1857  -0.1649  -0.1584   0.0133
  -0.0345   0.0189  -0.1372  -0.1762  -0.1842  -0.1630  -0.1575   0.0136
  -0.5177   0.0200  -0.1384  -0.1770  -0.1839  -0.1634  -0.1575   0.0148
  -0.9059   0.0191  -0.1382  -0.1772  -0.1843  -0.1636  -0.1576   0.0145
  -1.0927   0.0195  -0.1385  -0.1772  -0.1849  -0.1639  -0.1579   0.0140
  -1.0539   0.0204  -0.1382  -0.1772  -0.1845  -0.1636  -0.1569   0.0148
  -0.7901   0.0197  -0.1370  -0.1762  -0.1839  -0.1630  -0.1569   0.0140
  -0.3532   0.0197  -0.1364  -0.1761  -0.1836  -0.1630  -0.1573   0.0140
   0.1457   0.0203  -0.1353  -0.1762  -0.1837  -0.1628  -0.1569   0.0140
   0.6104   0.0192  -0.1344  -0.1756  -0.1833  -0.1627  -0.1572   0.0139
   0.9441   0.0197  -0.1349  -0.1750  -0.1831  -0.1619  -0.1567   0.0146
   1.0545   0.0192  -0.1344  -0.1756  -0.1833  -0.1627  -0.1572   0.0140
   0.8679   0.0201  -0.1350  -0.1758  -0.1842  -0.1628  -0.1575   0.0143
   0.4790   0.0197  -0.1361  -0.1761  -0.1836  -0.1631  -0.1575   0.0139
  -0.0082   0.0198  -0.1369  -0.1764  -0.1836  -0.1627  -0.1576   0.0134
  -0.4945   0.0191  -0.1378  -0.1765  -0.1845  -0.1631  -0.1575   0.0137
  -0.8902   0.0192  -0.1382  -0.1770  -0.1839  -0.1630  -0.1579   0.0139
  -1.0872   0.0195  -0.1385  -0.1770  -0.1845  -0.1636  -0.1573   0.0145
  -1.0599   0.0197  -0.1376  -0.1772  -0.1842  -0.1633  -0.1573   0.0139
  -0.8067   0.0198  -0.1361  -0.1764  -0.1842  -0.1634  -0.1575   0.0139
  -0.3738   0.0201  -0.1360  -0.1765  -0.1836  -0.1630  -0.1572   0.0145
   0.1207   0.0191  -0.1358  -0.1759  -0.1845  -0.1637  -0.1575   0.0139
   0.5907   0.0201  -0.1346  -0.1753  -0.1837  -0.1630  -0.1569   0.0140
   0.9329   0.0198  -0.1344  -0.1756  -0.1831  -0.1631  -0.1572   0.0145
   1.0579   0.0192  -0.1357  -0.1767  -0.1857  -0.1645  -0.1579   0.0146
   0.8813   0.0198  -0.1364  -0.1779  -0.1852  -0.1651  -0.1588   0.0131
   0.4988   0.0197  -0.1378  -0.1781  -0.1852  -0.1639  -0.1584   0.0140
   0.0139   0.0203  -0.1385  -0.1776  -0.1852  -0.1637  -0.1582   0.0134
  -0.4736   0.0195  -0.1378  -0.1768  -0.1842  -0.1636  -0.1579   0.0128
  -0.8742   0.0192  -0.1381  -0.1767  -0.1836  -0.1631  -0.1573   0.0134
  -1.0841   0.0189  -0.1384  -0.1773  -0.1843  -0.1640  -0.1578   0.0140
  -1.0683   0.0195  -0.1382  -0.1772  -0.1845  -0.1633  -0.1584   0.0140
  -0.8238   0.0203  -0.1373  -0.1772  -0.1842  -0.1633  -0.1575   0.0153
  -0.3995   0.0203  -0.1367  -0.1768  -0.1842  -0.1634  -0.1573   0.0140
   0.0952   0.0192  -0.1358  -0.1767  -0.1846  -0.1639  -0.1578   0.0140
   0.5675   0.0200  -0.1357  -0.1765  -0.1840  -0.1631  -0.1579   0.0140
   0.9206   0.0198  -0.1353  -0.1761  -0.1845  -0.1633  -0.1581   0.0145
   1.0590   0.0197  -0.1352  -0.1772  -0.1843  -0.1637  -0.1579   0.0145
   0.8943   0.0200  -0.1364  -0.1765  -0.1840  -0.1634  -0.1581   0.0145
   0.5197   0.0201  -0.1364  -0.1767  -0.1840  -0.1631  -0.1575   0.0154
   0.0360   0.0198  -0.1373  -0.1765  -0.1849  -0.1636  -0.1573   0.0133
  -0.4544   0.0192  -0.1376  -0.1775  -0.1846  -0.1637  -0.1582   0.0140
  -0.8629   0.0203  -0.1385  -0.1772  -0.1840  -0.1634  -0.1579   0.0146
  -1.0786   0.0201  -0.1378  -0.1770  -0.1839  -0.1633  -0.1572   0.0146
  -1.0736   0.0203  -0.1375  -0.1772  -0.1837  -0.1633  -0.1569   0.0140
  -0.8406   0.0198  -0.1373  -0.1767  -0.1842  -0.1631  -0.1575   0.0140
  -0.4207   0.0197  -0.1361  -0.1762  -0.1831  -0.1630  -0.1572   0.0145
   0.0728   0.0201  -0.1349  -0.1753  -0.1834  -0.1625  -0.1569   0.0153
   0.5505   0.0198  -0.1347  -0.1755  -0.1825  -0.1627  -0.1573   0.0146
   0.9103   0.0204  -0.1338  -0.1747  -0.1825  -0.1624  -0.1566   0.0145
   1.0632   0.0203  -0.1335  -0.1750  -0.1825  -0.1619  -0.1562   0.0145
   0.9090   0.0203  -0.1344  -0.1758  -0.1825  -0.1624  -0.1561   0.0139
   0.5426   0.0198  -0.1347  -0.1755  -0.1828  -0.1624  -0.1569   0.0145
   0.0630   0.0203  -0.1361  -0.1764  -0.1826  -0.1625  -0.1567   0.0148
  -0.4285   0.0201  -0.1373  -0.1765  -0.1836  -0.1627  -0.1573   0.0156
  -0.8438   0.0195  -0.1379  -0.1768  -0.1839  -0.1625  -0.1575   0.0137
  -1.0713   0.0203  -0.1378  -0.1768  -0.1842  -0.1628  -0.1572   0.0137
  -1.0773   0.0198  -0.1379  -0.1775  -0.1840  -0.1631  -0.1572   0.0145
  -0.8565   0.0195  -0.1366  -0.1765  -0.1836  -0.1634  -0.1576   0.0139
  -0.4414   0.0200  -0.1360  -0.1756  -0.1834  -0.1630  -0.1573   0.0136
   0.0470   0.0197  -0.1350  -0.1753  -0.1834  -0.1631  -0.1575   0.0146
   0.5298   0.0200  -0.1344  -0.1755  -0.1831  -0.1625  -0.1569   0.0151
   0.8983   0.0192  -0.1350  -0.1756  -0.1836  -0.1631  -0.1567   0.0136
   1.0605   0.0198  -0.1347  -0.1756  -0.1839  -0.1633  -0.1581   0.0143
   0.9216   0.0203  -0.1355  -0.1761  -0.1837  -0.1628  -0.1572   0.0139
   0.5640   0.0200  -0.1366  -0.1762  -0.1842  -0.1627  -0.1578   0.0143
   0.0905   0.0200  -0.1373  -0.1767  -0.1848  -0.1634  -0.1578   0.0140
  -0.4068   0.0201  -0.1378  -0.1772  -0.1848  -0.1630  -0.1576   0.0140
  -0.8272   0.0200  -0.1384  -0.1775  -0.1842  -0.1637  -0.1573   0.0143
  -1.0654   0.0195  -0.1382  -0.1770  -0.1848  -0.1637  -0.1582   0.0139
  -1.0838   0.0200  -0.1378  -0.1770  -0.1846  -0.1630  -0.1578   0.0140
  -0.8733   0.0198  -0.1381  -0.1768  -0.1849  -0.1634  -0.1579   0.0136
  -0.4674   0.0192  -0.1367  -0.1765  -0.1840  -0.1631  -0.1578   0.0140
   0.0247   0.0192  -0.1364  -0.1764  -0.1840  -0.1630  -0.1579   0.0139
   0.5054   0.0203  -0.1352  -0.1761  -0.1836  -0.1625  -0.1569   0.0140
   0.8829   0.0203  -0.1347  -0.1758  -0.1842  -0.1634  -0.1575   0.0146
   1.0573   0.0200  -0.1353  -0.1759  -0.1833  -0.1630  -0.1579   0.0137
   0.9328   0.0201  -0.1352  -0.1758  -0.1840  -0.1634  -0.1575   0.0140
   0.5807   0.0198  -0.1367  -0.1764  -0.1837  -0.1633  -0.1573   0.0143
   0.1094   0.0204  -0.1375  -0.1765  -0.1846  -0.1634  -0.1579   0.0139
  -0.3870   0.0201  -0.1379  -0.1772  -0.1845  -0.1633  -0.1579   0.0134
  -0.8125   0.0195  -0.1384  -0.1779  -0.1846  -0.1637  -0.1576   0.0134
  -1.0599   0.0200  -0.1385  -0.1776  -0.1848  -0.1634  -0.1584   0.0137
  -1.0873   0.0197  -0.1390  -0.1779  -0.1849  -0.1634  -0.1584   0.0131
  -0.8862   0.0197  -0.1382  -0.1764  -0.1842  -0.1639  -0.1576   0.0131
  -0.4852   0.0197  -0.1375  -0.1768  -0.1848  -0.1636  -0.1585   0.0136
   0.0029   0.0192  -0.1361  -0.1764  -0.1842  -0.1639  -0.1576   0.0136
   0.4871   0.0192  -0.1353  -0.1764  -0.1845  -0.1636  -0.1579   0.0140
   0.8694   0.0186  -0.1347  -0.1756  -0.1837  -0.1631  -0.1579   0.0140
   1.0542   0.0201  -0.1349  -0.1764  -0.1842  -0.1630  -0.1575   0.0140
   0.9451   0.0200  -0.1347  -0.1764  -0.1836  -0.1630  -0.1575   0.0150
   0.6064   0.0198  -0.1360  -0.1764  -0.1849  -0.1636  -0.1578   0.0137
   0.1328   0.0197  -0.1381  -0.1770  -0.1845  -0.1633  -0.1585   0.0139
  -0.3615   0.0195  -0.1382  -0.1776  -0.1845  -0.1639  -0.1581   0.0146
  -0.7965   0.0203  -0.1384  -0.1776  -0.1846  -0.1639  -0.1581   0.0137
  -1.0541   0.0197  -0.1384  -0.1779  -0.1843  -0.1640  -0.1584   0.0133
  -1.0924   0.0192  -0.1384  -0.1779  -0.1843  -0.1639  -0.1584   0.0131
  -0.9003   0.0204  -0.1376  -0.1775  -0.1845  -0.1636  -0.1582   0.0145
  -0.5080   0.0192  -0.1367  -0.1765  -0.1842  -0.1637  -0.1581   0.0136
  -0.0215   0.0201  -0.1358  -0.1765  -0.1848  -0.1637  -0.1576   0.0136
   0.4648   0.0206  -0.1360  -0.1767  -0.1846  -0.1636  -0.1585   0.0143
   0.8563   0.0201  -0.1353  -0.1765  -0.1839  -0.1634  -0.1579   0.0137
   1.0493   0.0195  -0.1358  -0.1765  -0.1842  -0.1636  -0.1581   0.0139
   0.9552   0.0195  -0.1360  -0.1768  -0.1842  -0.1636  -0.1581   0.0143
   0.6215   0.0203  -0.1357  -0.1765  -0.1836  -0.1636  -0.1576   0.0148
   0.1552   0.0197  -0.1370  -0.1768  -0.1842  -0.1634  -0.1584   0.0139
  -0.3413   0.0200  -0.1379  -0.1781  -0.1849  -0.1642  -0.1590   0.0140
  -0.7785   0.0203  -0.1385  -0.1776  -0.1846  -0.1642  -0.1581   0.0137
  -1.0469   0.0195  -0.1393  -0.1776  -0.1849  -0.1640  -0.1582   0.0139
  -1.0963   0.0198  -0.1395  -0.1779  -0.1851  -0.1640  -0.1579   0.0139
  -0.9140   0.0201  -0.1385  -0.1779  -0.1849  -0.1639  -0.1584   0.0145
  -0.5264   0.0203  -0.1376  -0.1775  -0.1846  -0.1639  -0.1581   0.0153
  -0.0444   0.0197  -0.1369  -0.1767  -0.1843  -0.1640  -0.1581   0.0139
   0.4466   0.0195  -0.1358  -0.1759  -0.1845  -0.1634  -0.1579   0.0136
   0.8432   0.0192  -0.1355  -0.1761  -0.1839  -0.1643  -0.1581   0.0139
   1.0439   0.0195  -0.1353  -0.1767  -0.1840  -0.1634  -0.1581   0.0140
   0.9622   0.0195  -0.1360  -0.1767  -0.1845  -0.1639  -0.1585   0.0134
   0.6407   0.0203  -0.1367  -0.1768  -0.1842  -0.1637  -0.1578   0.0140
   0.1758   0.0203  -0.1373  -0.1776  -0.1851  -0.1637  -0.1582   0.0145
  -0.3209   0.0197  -0.1375  -0.1781  -0.1852  -0.1640  -0.1585   0.0127
  -0.7619   0.0206  -0.1387  -0.1779  -0.1845  -0.1636  -0.1585   0.0134
  -1.0402   0.0195  -0.1390  -0.1779  -0.1846  -0.1645  -0.1582   0.0139
  -1.0997   0.0201  -0.1387  -0.1782  -0.1845  -0.1637  -0.1581   0.0143
  -0.9271   0.0197  -0.1395  -0.1788  -0.1862  -0.1653  -0.1591   0.0136
  -0.5470   0.0197  -0.1384  -0.1785  -0.1865  -0.1659  -0.1590   0.0140
  -0.0632   0.0198  -0.1376  -0.1787  -0.1852  -0.1653  -0.1587   0.0148
   0.4257   0.0200  -0.1370  -0.1776  -0.1859  -0.1653  -0.1591   0.0140
   0.8290   0.0200  -0.1347  -0.1756  -0.1836  -0.1639  -0.1576   0.0140
   1.0396   0.0195  -0.1358  -0.1768  -0.1846  -0.1645  -0.1588   0.0143
   0.9711   0.0200  -0.1364  -0.1784  -0.1859  -0.1653  -0.1591   0.0143
   0.6578   0.0195  -0.1367  -0.1770  -0.1845  -0.1637  -0.1579   0.0137
   0.1967   0.0198  -0.1376  -0.1772  -0.1849  -0.1642  -0.1582   0.0143
  -0.3021   0.0197  -0.1392  -0.1781  -0.1854  -0.1649  -0.1585   0.0145
  -0.7475   0.0197  -0.1396  -0.1788  -0.1854  -0.1646  -0.1590   0.0140
  -1.0339   0.0198  -0.1401  -0.1784  -0.1852  -0.1645  -0.1591   0.0137
  -1.1034   0.0197  -0.1390  -0.1787  -0.1851  -0.1646  -0.1588   0.0137
  -0.9389   0.0203  -0.1390  -0.1773  -0.1846  -0.1646  -0.1585   0.0146
  -0.5641   0.0200  -0.1366  -0.1768  -0.1851  -0.1639  -0.1579   0.0143
  -0.0833   0.0200  -0.1364  -0.1762  -0.1837  -0.1640  -0.1581   0.0140
   0.4073   0.0191  -0.1355  -0.1758  -0.1842  -0.1637  -0.1585   0.0139
   0.8176   0.0201  -0.1349  -0.1764  -0.1843  -0.1634  -0.1579   0.0143
   1.0368   0.0200  -0.1353  -0.1755  -0.1842  -0.1634  -0.1578   0.0136
   0.9785   0.0203  -0.1357  -0.1758  -0.1843  -0.1633  -0.1579   0.0133
   0.6712   0.0197  -0.1364  -0.1768  -0.1842  -0.1631  -0.1575   0.0137
   0.2159   0.0206  -0.1369  -0.1768  -0.1837  -0.1637  -0.1578   0.0150
  -0.2837   0.0200  -0.1376  -0.1762  -0.1843  -0.1634  -0.1578   0.0146
  -0.7330   0.0200  -0.1378  -0.1772  -0.1840  -0.1640  -0.1576   0.0146
  -1.0263   0.0198  -0.1384  -0.1772  -0.1843  -0.1640  -0.1587   0.0137
  -1.1041   0.0201  -0.1387  -0.1772  -0.1842  -0.1639  -0.1585   0.0134
  -0.9473   0.0195  -0.1384  -0.1773  -0.1843  -0.1640  -0.1587   0.0140
  -0.5801   0.0195  -0.1378  -0.1772  -0.1845  -0.1640  -0.1585   0.0131
  -0.1001   0.0203  -0.1360  -0.1765  -0.1846  -0.1640  -0.1579   0.0140
   0.3899   0.0203  -0.1353  -0.1770  -0.1842  -0.1637  -0.1573   0.0145
   0.8063   0.0201  -0.1360  -0.1761  -0.1843  -0.1640  -0.1587   0.0140
   1.0324   0.0198  -0.1349  -0.1762  -0.1834  -0.1640  -0.1582   0.0146
   0.9856   0.0198  -0.1353  -0.1761  -0.1840  -0.1640  -0.1582   0.0139
   0.6871   0.0201  -0.1367  -0.1770  -0.1845  -0.1640  -0.1582   0.0139
   0.2315   0.0192  -0.1376  -0.1772  -0.1843  -0.1643  -0.1588   0.0134
  -0.2646   0.0198  -0.1381  -0.1775  -0.1845  -0.1640  -0.1584   0.0150
  -0.7188   0.0198  -0.1390  -0.1782  -0.1852  -0.1643  -0.1584   0.0146
  -1.0204   0.0195  -0.1396  -0.1779  -0.1854  -0.1640  -0.1590   0.0143
  -1.1057   0.0198  -0.1390  -0.1779  -0.1849  -0.1640  -0.1584   0.0150
  -0.9569   0.0206  -0.1385  -0.1776  -0.1848  -0.1642  -0.1582   0.0154
  -0.5962   0.0206  -0.1379  -0.1775  -0.1849  -0.1637  -0.1585   0.0151
  -0.1173   0.0198  -0.1364  -0.1770  -0.1851  -0.1642  -0.1584   0.0143
   0.3740   0.0200  -0.1366  -0.1767  -0.1848  -0.1639  -0.1581   0.0143
   0.7951   0.0200  -0.1358  -0.1764  -0.1839  -0.1639  -0.1578   0.0145
   1.0281   0.0195  -0.1353  -0.1764  -0.1843  -0.1642  -0.1584   0.0137
   0.9933   0.0203  -0.1355  -0.1768  -0.1842  -0.1639  -0.1585   0.0148
   0.7010   0.0195  -0.1367  -0.1767  -0.1843  -0.1634  -0.1582   0.0148
   0.2489   0.0192  -0.1378  -0.1770  -0.1851  -0.1642  -0.1584   0.0136
  -0.2466   0.0198  -0.1381  -0.1776  -0.1851  -0.1643  -0.1584   0.0143
  -0.7047   0.0206  -0.1390  -0.1781  -0.1849  -0.1642  -0.1585   0.0146
  -1.0136   0.0195  -0.1395  -0.1784  -0.1851  -0.1642  -0.1591   0.0140
  -1.1079   0.0200  -0.1393  -0.1781  -0.1848  -0.1645  -0.1587   0.0145
  -0.9666   0.0200  -0.1385  -0.1782  -0.1848  -0.1645  -0.1585   0.0140
  -0.6119   0.0201  -0.1372  -0.1773  -0.1851  -0.1640  -0.1584   0.0146
  -0.1357   0.0189  -0.1361  -0.1772  -0.1849  -0.1640  -0.1581   0.0134
   0.3583   0.0200  -0.1367  -0.1762  -0.1842  -0.1639  -0.1582   0.0145
   0.7819   0.0203  -0.1357  -0.1768  -0.1848  -0.1633  -0.1581   0.0136
   1.0231   0.0192  -0.1358  -0.1764  -0.1845  -0.1637  -0.1585   0.0143
   0.9998   0.0197  -0.1358  -0.1768  -0.1843  -0.1636  -0.1582   0.0143
   0.7133   0.0201  -0.1370  -0.1770  -0.1851  -0.1642  -0.1587   0.0150
   0.2640   0.0197  -0.1372  -0.1782  -0.1843  -0.1646  -0.1582   0.0146
  -0.2324   0.0195  -0.1379  -0.1779  -0.1851  -0.1643  -0.1585   0.0134
  -0.6911   0.0192  -0.1392  -0.1782  -0.1862  -0.1646  -0.1591   0.0136
  -1.0060   0.0203  -0.1393  -0.1775  -0.1851  -0.1645  -0.1587   0.0143
  -1.1104   0.0195  -0.1392  -0.1787  -0.1852  -0.1646  -0.1588   0.0133
  -0.9726   0.0197  -0.1387  -0.1776  -0.1851  -0.1646  -0.1588   0.0139
  -0.6258   0.0201  -0.1375  -0.1776  -0.1848  -0.1640  -0.1584   0.0143
  -0.1515   0.0200  -0.1370  -0.1768  -0.1849  -0.1645  -0.1584   0.0148
   0.3427   0.0197  -0.1364  -0.1768  -0.1849  -0.1645  -0.1593   0.0136
   0.7706   0.0204  -0.1355  -0.1764  -0.1843  -0.1642  -0.1584   0.0140
   1.0193   0.0201  -0.1358  -0.1761  -0.1848  -0.1640  -0.1585   0.0137
   1.0046   0.0195  -0.1361  -0.1773  -0.1846  -0.1642  -0.1585   0.0134
   0.7277   0.0197  -0.1361  -0.1768  -0.1846  -0.1640  -0.1585   0.0133
   0.2808   0.0200  -0.1373  -0.1779  -0.1851  -0.1643  -0.1584   0.0134
  -0.2138   0.0195  -0.1381  -0.1779  -0.1852  -0.1646  -0.1591   0.0134
  -0.6760   0.0192  -0.1395  -0.1785  -0.1852  -0.1649  -0.1590   0.0127
  -0.9996   0.0203  -0.1395  -0.1779  -0.1857  -0.1649  -0.1593   0.0139
  -1.1125   0.0191  -0.1390  -0.1784  -0.1851  -0.1643  -0.1588   0.0136
  -0.9833   0.0188  -0.1398  -0.1784  -0.1865  -0.1651  -0.1599   0.0134
  -0.6410   0.0200  -0.1378  -0.1782  -0.1851  -0.1643  -0.1584   0.0137
  -0.1712   0.0197  -0.1373  -0.1773  -0.1851  -0.1640  -0.1584   0.0136
   0.3258   0.0195  -0.1367  -0.1776  -0.1849  -0.1643  -0.1590   0.0134
   0.7571   0.0201  -0.1366  -0.1765  -0.1848  -0.1640  -0.1584   0.0140
   1.0136   0.0198  -0.1355  -0.1772  -0.1843  -0.1640  -0.1584   0.0137
   1.0092   0.0195  -0.1357  -0.1768  -0.1848  -0.1639  -0.1585   0.0134
   0.7387   0.0195  -0.1372  -0.1768  -0.1846  -0.1643  -0.1587   0.0140
   0.2974   0.0195  -0.1373  -0.1776  -0.1849  -0.1643  -0.1581   0.0140
  -0.1997   0.0197  -0.1385  -0.1781  -0.1843  -0.1645  -0.1587   0.0140
  -0.6631   0.0195  -0.1395  -0.1787  -0.1852  -0.1653  -0.1588   0.0134
  -0.9921   0.0200  -0.1393  -0.1787  -0.1860  -0.1646  -0.1593   0.0145
  -1.1143   0.0204  -0.1396  -0.1784  -0.1857  -0.1653  -0.1587   0.0140
  -0.9901   0.0195  -0.1387  -0.1776  -0.1854  -0.1649  -0.1591   0.0139
  -0.6534   0.0197  -0.1379  -0.1775  -0.1849  -0.1643  -0.1590   0.0139
  -0.1846   0.0198  -0.1370  -0.1773  -0.1849  -0.1642  -0.1588   0.0140
   0.3116   0.0192  -0.1366  -0.1772  -0.1851  -0.1643  -0.1585   0.0133
   0.7462   0.0195  -0.1355  -0.1767  -0.1851  -0.1643  -0.1585   0.0139
   1.0107   0.0206  -0.1360  -0.1768  -0.1846  -0.1637  -0.1585   0.0145
   1.0139   0.0192  -0.1366  -0.1767  -0.1848  -0.1639  -0.1587   0.0131
   0.7501   0.0192  -0.1372  -0.1773  -0.1852  -0.1646  -0.1584   0.0134
   0.3139   0.0192  -0.1382  -0.1782  -0.1857  -0.1649  -0.1588   0.0137
  -0.1828   0.0197  -0.1396  -0.1794  -0.1871  -0.1663  -0.1601   0.0139
  -0.6508   0.0195  -0.1405  -0.1797  -0.1877  -0.1668  -0.1607   0.0139
  -0.9860   0.0197  -0.1410  -0.1799  -0.1871  -0.1654  -0.1604   0.0140
  -1.1133   0.0197  -0.1411  -0.1797  -0.1871  -0.1662  -0.1598   0.0145
  -0.9973   0.0201  -0.1392  -0.1781  -0.1852  -0.1642  -0.1585   0.0148
  -0.6668   0.0197  -0.1387  -0.1784  -0.1862  -0.1656  -0.1599   0.0137
  -0.2000   0.0198  -0.1376  -0.1782  -0.1860  -0.1646  -0.1591   0.0146
   0.2939   0.0204  -0.1367  -0.1772  -0.1846  -0.1637  -0.1590   0.0143
   0.7341   0.0200  -0.1361  -0.1768  -0.1839  -0.1643  -0.1588   0.0130
   1.0049   0.0197  -0.1367  -0.1765  -0.1852  -0.1639  -0.1587   0.0143
   1.0173   0.0204  -0.1369  -0.1772  -0.1851  -0.1645  -0.1593   0.0148
   0.7573   0.0186  -0.1378  -0.1781  -0.1860  -0.1651  -0.1591   0.0122
   0.3249   0.0198  -0.1381  -0.1785  -0.1854  -0.1645  -0.1590   0.0145
  -0.1692   0.0201  -0.1390  -0.1775  -0.1852  -0.1639  -0.1584   0.0136
  -0.6401   0.0198  -0.1393  -0.1784  -0.1857  -0.1642  -0.1584   0.0140
  -0.9801   0.0200  -0.1396  -0.1773  -0.1854  -0.1646  -0.1598   0.0137
  -1.1111   0.0191  -0.1393  -0.1781  -0.1854  -0.1639  -0.1585   0.0140
  -1.0031   0.0206  -0.1381  -0.1776  -0.1852  -0.1651  -0.1584   0.0136
  -0.6769   0.0198  -0.1378  -0.1776  -0.1849  -0.1640  -0.1584   0.0140
  -0.2104   0.0195  -0.1369  -0.1776  -0.1848  -0.1640  -0.1590   0.0136
   0.2869   0.0200  -0.1360  -0.1764  -0.1845  -0.1646  -0.1584   0.0148
   0.7246   0.0200  -0.1355  -0.1770  -0.1845  -0.1643  -0.1585   0.0145
   1.0017   0.0197  -0.1353  -0.1768  -0.1843  -0.1645  -0.1591   0.0139
   1.0214   0.0197  -0.1361  -0.1762  -0.1842  -0.1637  -0.1579   0.0140
   0.7701   0.0200  -0.1358  -0.1767  -0.1840  -0.1637  -0.1578   0.0146
   0.3374   0.0195  -0.1372  -0.1770  -0.1845  -0.1642  -0.1582   0.0137
  -0.1581   0.0197  -0.1384  -0.1768  -0.1851  -0.1643  -0.1590   0.0139
  -0.6302   0.0200  -0.1390  -0.1782  -0.1852  -0.1649  -0.1588   0.0140
  -0.9729   0.0192  -0.1392  -0.1775  -0.1857  -0.1656  -0.1593   0.0143
  -1.1104   0.0197  -0.1398  -0.1787  -0.1851  -0.1645  -0.1593   0.0136
  -1.0071   0.0203  -0.1387  -0.1776  -0.1852  -0.1643  -0.1591   0.0140
  -0.6873   0.0197  -0.1384  -0.1779  -0.1843  -0.1639  -0.1587   0.0145
  -0.2220   0.0203  -0.1373  -0.1768  -0.1851  -0.1643  -0.1590   0.0146
   0.2739   0.0197  -0.1361  -0.1775  -0.1846  -0.1645  -0.1591   0.0136
   0.7170   0.0198  -0.1364  -0.1767  -0.1843  -0.1637  -0.1590   0.0137
   0.9979   0.0198  -0.1361  -0.1767  -0.1851  -0.1649  -0.1593   0.0136
   1.0248   0.0198  -0.1361  -0.1773  -0.1851  -0.1649  -0.1584   0.0137
   0.7764   0.0200  -0.1364  -0.1768  -0.1851  -0.1642  -0.1593   0.0137
   0.3493   0.0200  -0.1376  -0.1775  -0.1848  -0.1639  -0.1585   0.0140
  -0.1463   0.0197  -0.1387  -0.1781  -0.1854  -0.1646  -0.1590   0.0148
  -0.6207   0.0195  -0.1395  -0.1782  -0.1857  -0.1649  -0.1590   0.0148
  -0.9697   0.0195  -0.1396  -0.1779  -0.1854  -0.1651  -0.1590   0.0140
  -1.1082   0.0197  -0.1404  -0.1791  -0.1860  -0.1651  -0.1593   0.0146
  -1.0117   0.0201  -0.1392  -0.1782  -0.1860  -0.1649  -0.1587   0.0145
  -0.6961   0.0197  -0.1387  -0.1779  -0.1857  -0.1646  -0.1598   0.0150
  -0.2338   0.0195  -0.1378  -0.1773  -0.1854  -0.1642  -0.1590   0.0145
   0.2629   0.0200  -0.1367  -0.1767  -0.1848  -0.1649  -0.1591   0.0153
   0.7071   0.0191  -0.1364  -0.1764  -0.1845  -0.1643  -0.1584   0.0140
   0.9933   0.0195  -0.1361  -0.1767  -0.1849  -0.1645  -0.1585   0.0140
   1.0280   0.0197  -0.1360  -0.1767  -0.1849  -0.1645  -0.1584   0.0140
   0.7861   0.0200  -0.1367  -0.1775  -0.1857  -0.1640  -0.1584   0.0139
   0.3581   0.0195  -0.1378  -0.1776  -0.1849  -0.1649  -0.1595   0.0139
  -0.1369   0.0201  -0.1385  -0.1782  -0.1860  -0.1643  -0.1591   0.0143
  -0.6094   0.0192  -0.1393  -0.1787  -0.1852  -0.1640  -0.1588   0.0140
  -0.9630   0.0201  -0.1392  -0.1787  -0.1863  -0.1649  -0.1588   0.0140
  -1.1076   0.0198  -0.1395  -0.1787  -0.1860  -0.1645  -0.1593   0.0145
  -1.0153   0.0197  -0.1393  -0.1781  -0.1851  -0.1645  -0.1595   0.0140
  -0.7056   0.0201  -0.1385  -0.1779  -0.1848  -0.1642  -0.1585   0.0146
  -0.2469   0.0200  -0.1376  -0.1776  -0.1851  -0.1646  -0.1590   0.0139
   0.2510   0.0195  -0.1373  -0.1773  -0.1843  -0.1646  -0.1587   0.0143
   0.7008   0.0200  -0.1358  -0.1768  -0.1848  -0.1642  -0.1582   0.0156
   0.9892   0.0201  -0.1358  -0.1764  -0.1845  -0.1642  -0.1585   0.0145
   1.0304   0.0198  -0.1366  -0.1767  -0.1851  -0.1646  -0.1591   0.0137
   0.7928   0.0198  -0.1372  -0.1772  -0.1851  -0.1640  -0.1584   0.0143
   0.3691   0.0198  -0.1375  -0.1775  -0.1848  -0.1645  -0.1582   0.0148
  -0.1283   0.0198  -0.1387  -0.1779  -0.1851  -0.1643  -0.1585   0.0145
  -0.6030   0.0195  -0.1396  -0.1790  -0.1852  -0.1653  -0.1593   0.0139
  -0.9567   0.0203  -0.1396  -0.1787  -0.1852  -0.1651  -0.1591   0.0150
  -1.1063   0.0201  -0.1401  -0.1772  -0.1854  -0.1646  -0.1599   0.0145
  -1.0207   0.0197  -0.1390  -0.1787  -0.1863  -0.1646  -0.1598   0.0130
  -0.7133   0.0201  -0.1378  -0.1779  -0.1859  -0.1646  -0.1590   0.0136
  -0.2570   0.0204  -0.1369  -0.1773  -0.1852  -0.1640  -0.1587   0.0145
   0.2412   0.0195  -0.1373  -0.1770  -0.1848  -0.1645  -0.1585   0.0134
   0.6929   0.0203  -0.1355  -0.1772  -0.1851  -0.1643  -0.1591   0.0143
   0.9859   0.0198  -0.1367  -0.1768  -0.1849  -0.1646  -0.1590   0.0136
   1.0330   0.0208  -0.1361  -0.1772  -0.1843  -0.1642  -0.1584   0.0150
   0.8008   0.0192  -0.1369  -0.1775  -0.1846  -0.1646  -0.1591   0.0139
   0.3830   0.0197  -0.1379  -0.1775  -0.1854  -0.1646  -0.1587   0.0136
  -0.1135   0.0198  -0.1385  -0.1781  -0.1852  -0.1651  -0.1587   0.0143
  -0.5917   0.0198  -0.1393  -0.1787  -0.1854  -0.1649  -0.1593   0.0146
  -0.9517   0.0195  -0.1396  -0.1785  -0.1852  -0.1649  -0.1593   0.0134
  -1.1047   0.0201  -0.1390  -0.1785  -0.1851  -0.1645  -0.1588   0.0140
  -1.0255   0.0198  -0.1384  -0.1781  -0.1848  -0.1643  -0.1591   0.0136
  -0.7245   0.0197  -0.1381  -0.1781  -0.1859  -0.1645  -0.1587   0.0133
  -0.2663   0.0200  -0.1376  -0.1776  -0.1848  -0.1645  -0.1590   0.0145
   0.2289   0.0200  -0.1367  -0.1776  -0.1843  -0.1649  -0.1590   0.0130
   0.6816   0.0192  -0.1361  -0.1770  -0.1848  -0.1642  -0.1590   0.0131
   0.9819   0.0198  -0.1364  -0.1773  -0.1854  -0.1646  -0.1591   0.0136
   1.0358   0.0189  -0.1357  -0.1772  -0.1846  -0.1649  -0.1587   0.0146
   0.8087   0.0201  -0.1369  -0.1776  -0.1860  -0.1645  -0.1584   0.0140
   0.3914   0.0195  -0.1379  -0.1772  -0.1857  -0.1653  -0.1588   0.0131
  -0.1004   0.0201  -0.1390  -0.1775  -0.1849  -0.1654  -0.1588   0.0136
  -0.5812   0.0198  -0.1398  -0.1787  -0.1852  -0.1645  -0.1588   0.0143
  -0.9436   0.0195  -0.1395  -0.1787  -0.1860  -0.1654  -0.1595   0.0140
  -1.1026   0.0203  -0.1393  -0.1791  -0.1857  -0.1645  -0.1593   0.0145
  -1.0297   0.0197  -0.1390  -0.1785  -0.1852  -0.1653  -0.1593   0.0140
  -0.7326   0.0198  -0.1384  -0.1779  -0.1852  -0.1643  -0.1595   0.0139
  -0.2786   0.0200  -0.1379  -0.1782  -0.1851  -0.1646  -0.1593   0.0148
   0.2185   0.0192  -0.1366  -0.1773  -0.1848  -0.1645  -0.1584   0.0136
   0.6737   0.0200  -0.1361  -0.1772  -0.1859  -0.1642  -0.1593   0.0137
   0.9761   0.0195  -0.1370  -0.1775  -0.1869  -0.1659  -0.1595   0.0128
   1.0373   0.0195  -0.1376  -0.1790  -0.1874  -0.1656  -0.1599   0.0140
   0.8122   0.0195  -0.1379  -0.1796  -0.1871  -0.1663  -0.1601   0.0137
   0.3972   0.0192  -0.1387  -0.1791  -0.1866  -0.1659  -0.1599   0.0143
  -0.0981   0.0204  -0.1396  -0.1785  -0.1863  -0.1653  -0.1591   0.0148
  -0.5745   0.0201  -0.1390  -0.1776  -0.1854  -0.1646  -0.1587   0.0146
  -0.9433   0.0188  -0.1393  -0.1781  -0.1851  -0.1642  -0.1588   0.0137
  -1.1015   0.0206  -0.1392  -0.1784  -0.1852  -0.1642  -0.1598   0.0134
  -1.0336   0.0197  -0.1393  -0.1785  -0.1857  -0.1646  -0.1593   0.0137
  -0.7379   0.0192  -0.1385  -0.1779  -0.1857  -0.1651  -0.1593   0.0140
  -0.2827   0.0195  -0.1385  -0.1784  -0.1860  -0.1653  -0.1601   0.0148
   0.2127   0.0200  -0.1372  -0.1779  -0.1852  -0.1653  -0.1595   0.0151
   0.6674   0.0200  -0.1369  -0.1776  -0.1857  -0.1654  -0.1590   0.0140
   0.9734   0.0197  -0.1364  -0.1767  -0.1848  -0.1640  -0.1587   0.0137
   1.0397   0.0201  -0.1358  -0.1767  -0.1842  -0.1640  -0.1587   0.0139
   0.8194   0.0201  -0.1364  -0.1761  -0.1846  -0.1634  -0.1581   0.0140
   0.4042   0.0192  -0.1376  -0.1775  -0.1846  -0.1636  -0.1590   0.0134
  -0.0856   0.0198  -0.1382  -0.1781  -0.1854  -0.1643  -0.1585   0.0151
  -0.5664   0.0201  -0.1392  -0.1781  -0.1854  -0.1643  -0.1584   0.0143
  -0.9361   0.0200  -0.1396  -0.1785  -0.1852  -0.1645  -0.1587   0.0140
  -1.1011   0.0195  -0.1396  -0.1787  -0.1857  -0.1645  -0.1585   0.0133
  -1.0347   0.0191  -0.1392  -0.1779  -0.1851  -0.1643  -0.1587   0.0145
  -0.7436   0.0198  -0.1379  -0.1776  -0.1848  -0.1645  -0.1582   0.0140
  -0.2951   0.0200  -0.1372  -0.1767  -0.1843  -0.1642  -0.1584   0.0143
   0.2023   0.0195  -0.1355  -0.1765  -0.1843  -0.1639  -0.1578   0.0145
   0.6618   0.0201  -0.1352  -0.1765  -0.1837  -0.1631  -0.1575   0.0153
   0.9717   0.0200  -0.1355  -0.1762  -0.1840  -0.1636  -0.1584   0.0131
   1.0422   0.0197  -0.1357  -0.1765  -0.1845  -0.1636  -0.1582   0.0133
   0.8290   0.0195  -0.1366  -0.1770  -0.1849  -0.1640  -0.1584   0.0140
   0.4173   0.0191  -0.1376  -0.1775  -0.1849  -0.1643  -0.1585   0.0146
  -0.0758   0.0191  -0.1382  -0.1776  -0.1849  -0.1645  -0.1585   0.0128
  -0.5559   0.0192  -0.1396  -0.1779  -0.1857  -0.1649  -0.1587   0.0134
  -0.9293   0.0200  -0.1398  -0.1785  -0.1857  -0.1653  -0.1591   0.0154
  -1.0997   0.0195  -0.1395  -0.1784  -0.1859  -0.1656  -0.1588   0.0131
  -1.0378   0.0192  -0.1387  -0.1782  -0.1859  -0.1645  -0.1587   0.0136
  -0.7500   0.0198  -0.1381  -0.1779  -0.1851  -0.1643  -0.1582   0.0140
  -0.3026   0.0197  -0.1376  -0.1772  -0.1851  -0.1642  -0.1585   0.0137
   0.1939   0.0197  -0.1367  -0.1773  -0.1848  -0.1649  -0.1588   0.0134
   0.6554   0.0197  -0.1360  -0.1767  -0.1849  -0.1640  -0.1585   0.0150
   0.9669   0.0198  -0.1358  -0.1764  -0.1845  -0.1645  -0.1581   0.0145
   1.0432   0.0200  -0.1364  -0.1775  -0.1849  -0.1640  -0.1588   0.0148
   0.8324   0.0188  -0.1370  -0.1775  -0.1859  -0.1643  -0.1591   0.0140
   0.4204   0.0197  -0.1376  -0.1784  -0.1843  -0.1639  -0.1585   0.0143
  -0.0717   0.0191  -0.1385  -0.1782  -0.1860  -0.1643  -0.1591   0.0136
  -0.5508   0.0198  -0.1393  -0.1781  -0.1851  -0.1646  -0.1590   0.0140
  -0.9282   0.0203  -0.1393  -0.1784  -0.1851  -0.1643  -0.1588   0.0139
  -1.0991   0.0201  -0.1399  -0.1781  -0.1851  -0.1642  -0.1585   0.0146
  -1.0396   0.0197  -0.1390  -0.1785  -0.1859  -0.1643  -0.1590   0.0146
  -0.7559   0.0201  -0.1385  -0.1779  -0.1854  -0.1654  -0.1595   0.0131
  -0.3087   0.0198  -0.1376  -0.1776  -0.1857  -0.1653  -0.1595   0.0140
   0.1889   0.0197  -0.1373  -0.1779  -0.1857  -0.1653  -0.1591   0.0134
   0.6499   0.0195  -0.1366  -0.1765  -0.1852  -0.1643  -0.1587   0.0139
   0.9651   0.0198  -0.1361  -0.1770  -0.1849  -0.1640  -0.1591   0.0140
   1.0437   0.0197  -0.1361  -0.1772  -0.1851  -0.1642  -0.1587   0.0139
   0.8368   0.0206  -0.1366  -0.1776  -0.1848  -0.1643  -0.1587   0.0146
   0.4297   0.0197  -0.1381  -0.1775  -0.1854  -0.1646  -0.1590   0.0140
  -0.0629   0.0191  -0.1385  -0.1775  -0.1857  -0.1643  -0.1590   0.0139
  -0.5466   0.0195  -0.1393  -0.1785  -0.1859  -0.1646  -0.1587   0.0143
  -0.9218   0.0197  -0.1398  -0.1782  -0.1859  -0.1645  -0.1591   0.0146
  -1.0976   0.0201  -0.1396  -0.1784  -0.1857  -0.1649  -0.1591   0.0139
  -1.0426   0.0203  -0.1392  -0.1781  -0.1852  -0.1651  -0.1593   0.0140
  -0.7628   0.0201  -0.1381  -0.1773  -0.1857  -0.1645  -0.1585   0.0150
  -0.3169   0.0203  -0.1375  -0.1775  -0.1849  -0.1642  -0.1584   0.0145
   0.1808   0.0201  -0.1372  -0.1772  -0.1846  -0.1643  -0.1585   0.0140
   0.6435   0.0200  -0.1360  -0.1770  -0.1849  -0.1642  -0.1582   0.0137
   0.9613   0.0198  -0.1361  -0.1764  -0.1840  -0.1634  -0.1584   0.0139
   1.0469   0.0201  -0.1364  -0.1770  -0.1845  -0.1642  -0.1582   0.0145
   0.8421   0.0191  -0.1370  -0.1773  -0.1854  -0.1646  -0.1593   0.0145
   0.4373   0.0204  -0.1376  -0.1779  -0.1851  -0.1642  -0.1590   0.0151
  -0.0546   0.0191  -0.1378  -0.1775  -0.1851  -0.1642  -0.1584   0.0143
  -0.5356   0.0197  -0.1390  -0.1785  -0.1854  -0.1651  -0.1588   0.0148
  -0.9193   0.0198  -0.1396  -0.1784  -0.1849  -0.1646  -0.1585   0.0140
  -1.0953   0.0201  -0.1393  -0.1781  -0.1851  -0.1653  -0.1590   0.0139
  -1.0455   0.0200  -0.1395  -0.1781  -0.1851  -0.1643  -0.1587   0.0137
  -0.7700   0.0195  -0.1385  -0.1781  -0.1854  -0.1653  -0.1590   0.0140
  -0.3232   0.0206  -0.1370  -0.1770  -0.1849  -0.1643  -0.1585   0.0146
   0.1740   0.0203  -0.1364  -0.1768  -0.1854  -0.1643  -0.1587   0.0150
   0.6335   0.0195  -0.1364  -0.1773  -0.1846  -0.1645  -0.1584   0.0137
   0.9573   0.0200  -0.1358  -0.1773  -0.1848  -0.1640  -0.1585   0.0145
   1.0478   0.0198  -0.1361  -0.1767  -0.1849  -0.1646  -0.1584   0.0140
   0.8476   0.0201  -0.1372  -0.1772  -0.1849  -0.1642  -0.1582   0.0139
   0.4460   0.0192  -0.1378  -0.1775  -0.1854  -0.1643  -0.1587   0.0137
  -0.0458   0.0201  -0.1378  -0.1775  -0.1854  -0.1643  -0.1587   0.0153
  -0.5301   0.0200  -0.1390  -0.1782  -0.1851  -0.1643  -0.1584   0.0148
  -0.9142   0.0198  -0.1393  -0.1782  -0.1854  -0.1649  -0.1588   0.0134
  -1.0951   0.0198  -0.1393  -0.1781  -0.1859  -0.1643  -0.1585   0.0139
  -1.0480   0.0200  -0.1392  -0.1781  -0.1852  -0.1646  -0.1582   0.0140
  -0.7753   0.0198  -0.1379  -0.1776  -0.1851  -0.1643  -0.1591   0.0140
  -0.3316   0.0191  -0.1375  -0.1776  -0.1849  -0.1649  -0.1588   0.0139
   0.1636   0.0192  -0.1372  -0.1776  -0.1854  -0.1646  -0.1591   0.0143
   0.6285   0.0195  -0.1361  -0.1772  -0.1852  -0.1653  -0.1587   0.0136
   0.9563   0.0201  -0.1350  -0.1764  -0.1843  -0.1634  -0.1576   0.0137
   1.0487   0.0204  -0.1357  -0.1768  -0.1846  -0.1642  -0.1581   0.0148
   0.8478   0.0195  -0.1361  -0.1770  -0.1846  -0.1639  -0.1585   0.0137
   0.4472   0.0203  -0.1376  -0.1779  -0.1849  -0.1642  -0.1578   0.0140
  -0.0424   0.0201  -0.1382  -0.1772  -0.1851  -0.1642  -0.1585   0.0148
  -0.5293   0.0200  -0.1387  -0.1784  -0.1852  -0.1643  -0.1585   0.0143
  -0.9125   0.0198  -0.1392  -0.1782  -0.1854  -0.1645  -0.1584   0.0140
  -1.0931   0.0200  -0.1393  -0.1784  -0.1857  -0.1643  -0.1588   0.0136
  -1.0484   0.0198  -0.1392  -0.1781  -0.1857  -0.1639  -0.1585   0.0136
  -0.7753   0.0201  -0.1399  -0.1794  -0.1875  -0.1654  -0.1593   0.0134
  -0.3340   0.0191  -0.1395  -0.1790  -0.1865  -0.1659  -0.1598   0.0131
   0.1662   0.0195  -0.1379  -0.1788  -0.1866  -0.1649  -0.1595   0.0134
   0.6279   0.0197  -0.1372  -0.1782  -0.1857  -0.1654  -0.1593   0.0133
   0.9552   0.0204  -0.1355  -0.1762  -0.1842  -0.1639  -0.1582   0.0145
   1.0478   0.0195  -0.1353  -0.1765  -0.1839  -0.1642  -0.1582   0.0125
   0.8473   0.0200  -0.1364  -0.1764  -0.1846  -0.1639  -0.1581   0.0140
   0.4457   0.0200  -0.1373  -0.1772  -0.1848  -0.1640  -0.1585   0.0139
  -0.0423   0.0201  -0.1385  -0.1782  -0.1848  -0.1651  -0.1587   0.0136
  -0.5283   0.0203  -0.1395  -0.1781  -0.1851  -0.1649  -0.1585   0.0134
  -0.9137   0.0200  -0.1398  -0.1791  -0.1862  -0.1657  -0.1588   0.0137
  -1.0963   0.0200  -0.1410  -0.1797  -0.1865  -0.1659  -0.1598   0.0140
  -1.0495   0.0200  -0.1393  -0.1782  -0.1857  -0.1653  -0.1598   0.0143
  -0.7771   0.0200  -0.1378  -0.1779  -0.1845  -0.1646  -0.1584   0.0140
  -0.3343   0.0200  -0.1373  -0.1775  -0.1845  -0.1639  -0.1585   0.0139
   0.1648   0.0192  -0.1364  -0.1765  -0.1851  -0.1640  -0.1587   0.0137
   0.6276   0.0201  -0.1355  -0.1765  -0.1845  -0.1636  -0.1584   0.0137
   0.9546   0.0197  -0.1358  -0.1758  -0.1843  -0.1643  -0.1584   0.0137
   1.0484   0.0198  -0.1353  -0.1761  -0.1845  -0.1639  -0.1581   0.0137
   0.8528   0.0201  -0.1360  -0.1768  -0.1843  -0.1639  -0.1582   0.0146
   0.4521   0.0197  -0.1370  -0.1770  -0.1849  -0.1640  -0.1585   0.0140
  -0.0391   0.0195  -0.1382  -0.1779  -0.1849  -0.1649  -0.1588   0.0143
  -0.5223   0.0192  -0.1385  -0.1782  -0.1854  -0.1639  -0.1584   0.0139
  -0.9097   0.0203  -0.1393  -0.1784  -0.1848  -0.1639  -0.1587   0.0137
  -1.0930   0.0201  -0.1390  -0.1775  -0.1849  -0.1642  -0.1585   0.0137
  -1.0492   0.0197  -0.1384  -0.1775  -0.1848  -0.1640  -0.1584   0.0139
  -0.7788   0.0200  -0.1372  -0.1779  -0.1845  -0.1645  -0.1587   0.0145
  -0.3372   0.0197  -0.1373  -0.1768  -0.1849  -0.1639  -0.1582   0.0150
   0.1602   0.0195  -0.1360  -0.1765  -0.1845  -0.1639  -0.1590   0.0136
   0.6270   0.0198  -0.1364  -0.1768  -0.1843  -0.1640  -0.1579   0.0137
   0.9534   0.0197  -0.1358  -0.1761  -0.1839  -0.1642  -0.1579   0.0145
   1.0504   0.0200  -0.1355  -0.1767  -0.1849  -0.1637  -0.1587   0.0137
   0.8539   0.0200  -0.1367  -0.1767  -0.1852  -0.1645  -0.1585   0.0139
   0.4576   0.0197  -0.1375  -0.1773  -0.1851  -0.1643  -0.1588   0.0153
  -0.0360   0.0195  -0.1379  -0.1773  -0.1845  -0.1640  -0.1587   0.0139
  -0.5197   0.0200  -0.1393  -0.1775  -0.1851  -0.1651  -0.1590   0.0137
  -0.9070   0.0198  -0.1398  -0.1785  -0.1860  -0.1653  -0.1595   0.0136
  -1.0931   0.0197  -0.1399  -0.1787  -0.1862  -0.1643  -0.1588   0.0137
  -1.0527   0.0195  -0.1392  -0.1779  -0.1859  -0.1649  -0.1588   0.0136
  -0.7811   0.0201  -0.1387  -0.1781  -0.1848  -0.1643  -0.1587   0.0140
  -0.3403   0.0197  -0.1379  -0.1776  -0.1852  -0.1643  -0.1588   0.0143
   0.1550   0.0192  -0.1370  -0.1770  -0.1846  -0.1642  -0.1595   0.0140
   0.6216   0.0192  -0.1360  -0.1773  -0.1848  -0.1642  -0.1585   0.0136
   0.9520   0.0203  -0.1358  -0.1764  -0.1843  -0.1643  -0.1587   0.0143
   1.0500   0.0197  -0.1360  -0.1768  -0.1845  -0.1645  -0.1584   0.0130
   0.8571   0.0197  -0.1366  -0.1770  -0.1848  -0.1639  -0.1587   0.0136
   0.4572   0.0203  -0.1375  -0.1775  -0.1848  -0.1645  -0.1584   0.0137
  -0.0327   0.0195  -0.1382  -0.1784  -0.1854  -0.1651  -0.1591   0.0143
  -0.5179   0.0198  -0.1393  -0.1784  -0.1859  -0.1651  -0.1590   0.0146
  -0.9055   0.0197  -0.1393  -0.1781  -0.1854  -0.1643  -0.1587   0.0151
  -1.0930   0.0197  -0.1398  -0.1779  -0.1854  -0.1649  -0.1587   0.0139
  -1.0524   0.0195  -0.1390  -0.1784  -0.1854  -0.1654  -0.1593   0.0146
  -0.7834   0.0195  -0.1392  -0.1782  -0.1854  -0.1643  -0.1588   0.0146
  -0.3421   0.0197  -0.1373  -0.1772  -0.1848  -0.1642  -0.1587   0.0143
   0.1540   0.0198  -0.1367  -0.1767  -0.1851  -0.1643  -0.1585   0.0145
   0.6213   0.0198  -0.1358  -0.1768  -0.1848  -0.1643  -0.1584   0.0150
   0.9514   0.0200  -0.1361  -0.1770  -0.1846  -0.1639  -0.1587   0.0139
   1.0509   0.0198  -0.1361  -0.1762  -0.1849  -0.1640  -0.1587   0.0139
   0.8571   0.0197  -0.1367  -0.1768  -0.1846  -0.1643  -0.1585   0.0128
   0.4593   0.0198  -0.1376  -0.1773  -0.1849  -0.1645  -0.1581   0.0139
  -0.0316   0.0201  -0.1382  -0.1773  -0.1851  -0.1637  -0.1579   0.0143
  -0.5167   0.0200  -0.1385  -0.1779  -0.1857  -0.1651  -0.1587   0.0145
  -0.9056   0.0198  -0.1395  -0.1781  -0.1859  -0.1646  -0.1593   0.0139
  -1.0913   0.0195  -0.1392  -0.1781  -0.1857  -0.1643  -0.1585   0.0137
  -1.0535   0.0200  -0.1392  -0.1782  -0.1857  -0.1645  -0.1588   0.0134
  -0.7854   0.0200  -0.1387  -0.1782  -0.1860  -0.1649  -0.1593   0.0137
  -0.3462   0.0191  -0.1379  -0.1782  -0.1852  -0.1651  -0.1584   0.0139
   0.1523   0.0201  -0.1367  -0.1772  -0.1852  -0.1646  -0.1587   0.0140
   0.6190   0.0200  -0.1364  -0.1772  -0.1852  -0.1646  -0.1582   0.0140
   0.9512   0.0191  -0.1360  -0.1775  -0.1852  -0.1646  -0.1585   0.0151
   1.0522   0.0197  -0.1361  -0.1761  -0.1846  -0.1645  -0.1593   0.0146
   0.8597   0.0198  -0.1369  -0.1775  -0.1848  -0.1643  -0.1590   0.0146
   0.4639   0.0192  -0.1381  -0.1781  -0.1854  -0.1651  -0.1593   0.0137
  -0.0253   0.0197  -0.1387  -0.1784  -0.1852  -0.1643  -0.1591   0.0148
  -0.5142   0.0200  -0.1392  -0.1776  -0.1854  -0.1649  -0.1593   0.0146
  -0.9021   0.0198  -0.1396  -0.1787  -0.1859  -0.1651  -0.1588   0.0148
  -1.0913   0.0198  -0.1404  -0.1787  -0.1857  -0.1643  -0.1584   0.0150
  -1.0535   0.0198  -0.1390  -0.1782  -0.1848  -0.1651  -0.1587   0.0143
  -0.7883   0.0192  -0.1390  -0.1781  -0.1857  -0.1643  -0.1582   0.0143
  -0.3496   0.0200  -0.1378  -0.1772  -0.1851  -0.1649  -0.1587   0.0143
   0.1468   0.0198  -0.1372  -0.1770  -0.1843  -0.1639  -0.1584   0.0146
   0.6143   0.0201  -0.1364  -0.1765  -0.1845  -0.1642  -0.1581   0.0146
   0.9477   0.0200  -0.1367  -0.1764  -0.1848  -0.1639  -0.1582   0.0145
   1.0526   0.0203  -0.1360  -0.1772  -0.1852  -0.1639  -0.1588   0.0153
   0.8578   0.0195  -0.1364  -0.1767  -0.1849  -0.1643  -0.1587   0.0148
   0.4628   0.0198  -0.1376  -0.1775  -0.1846  -0.1651  -0.1585   0.0145
  -0.0269   0.0195  -0.1381  -0.1773  -0.1854  -0.1649  -0.1587   0.0137
  -0.5151   0.0197  -0.1387  -0.1776  -0.1852  -0.1643  -0.1582   0.0146
  -0.9045   0.0200  -0.1395  -0.1790  -0.1857  -0.1646  -0.1588   0.0133
  -1.0919   0.0195  -0.1393  -0.1784  -0.1854  -0.1643  -0.1585   0.0137
  -1.0536   0.0203  -0.1398  -0.1782  -0.1852  -0.1649  -0.1588   0.0145
  -0.7884   0.0201  -0.1392  -0.1782  -0.1859  -0.1651  -0.1590   0.0150
  -0.3481   0.0201  -0.1379  -0.1779  -0.1848  -0.1643  -0.1581   0.0136
   0.1489   0.0195  -0.1366  -0.1770  -0.1846  -0.1637  -0.1581   0.0139
   0.6177   0.0204  -0.1367  -0.1768  -0.1846  -0.1637  -0.1584   0.0139
   0.9491   0.0201  -0.1357  -0.1773  -0.1848  -0.1645  -0.1588   0.0140
   1.0522   0.0200  -0.1366  -0.1764  -0.1848  -0.1639  -0.1584   0.0137
   0.8583   0.0195  -0.1367  -0.1768  -0.1852  -0.1637  -0.1587   0.0143
   0.4616   0.0198  -0.1367  -0.1772  -0.1846  -0.1649  -0.1585   0.0151
  -0.0275   0.0201  -0.1382  -0.1773  -0.1852  -0.1642  -0.1585   0.0143
  -0.5141   0.0201  -0.1392  -0.1779  -0.1852  -0.1645  -0.1588   0.0146
  -0.9036   0.0200  -0.1399  -0.1790  -0.1868  -0.1656  -0.1590   0.0140
  -1.0918   0.0191  -0.1411  -0.1802  -0.1877  -0.1657  -0.1601   0.0130
  -1.0541   0.0197  -0.1413  -0.1801  -0.1878  -0.1671  -0.1607   0.0133
  -0.7880   0.0201  -0.1395  -0.1793  -0.1869  -0.1659  -0.1593   0.0150
  -0.3493   0.0206  -0.1379  -0.1782  -0.1859  -0.1643  -0.1587   0.0153
   0.1488   0.0192  -0.1373  -0.1779  -0.1866  -0.1659  -0.1598   0.0134
   0.6154   0.0203  -0.1358  -0.1768  -0.1840  -0.1631  -0.1581   0.0145
   0.9470   0.0197  -0.1358  -0.1768  -0.1846  -0.1639  -0.1584   0.0140
   1.0500   0.0191  -0.1361  -0.1770  -0.1842  -0.1642  -0.1581   0.0136
   0.8578   0.0195  -0.1370  -0.1775  -0.1848  -0.1646  -0.1588   0.0137
   0.4610   0.0191  -0.1381  -0.1779  -0.1854  -0.1646  -0.1585   0.0143
  -0.0287   0.0203  -0.1382  -0.1784  -0.1852  -0.1637  -0.1588   0.0148
  -0.5165   0.0198  -0.1390  -0.1781  -0.1854  -0.1642  -0.1591   0.0137
  -0.9044   0.0197  -0.1393  -0.1781  -0.1849  -0.1637  -0.1584   0.0148
  -1.0930   0.0200  -0.1385  -0.1785  -0.1849  -0.1643  -0.1587   0.0136
  -1.0532   0.0197  -0.1387  -0.1782  -0.1851  -0.1645  -0.1588   0.0134
  -0.7851   0.0201  -0.1390  -0.1781  -0.1851  -0.1642  -0.1590   0.0136
  -0.3461   0.0203  -0.1379  -0.1772  -0.1851  -0.1643  -0.1582   0.0137
   0.1515   0.0201  -0.1361  -0.1770  -0.1846  -0.1642  -0.1585   0.0140
   0.6221   0.0197  -0.1357  -0.1764  -0.1851  -0.1640  -0.1584   0.0139
   0.9500   0.0201  -0.1349  -0.1761  -0.1840  -0.1636  -0.1584   0.0143
   1.0516   0.0200  -0.1352  -0.1764  -0.1848  -0.1634  -0.1578   0.0133
   0.8582   0.0195  -0.1360  -0.1764  -0.1849  -0.1640  -0.1585   0.0131
   0.4608   0.0201  -0.1370  -0.1773  -0.1845  -0.1642  -0.1584   0.0137
  -0.0290   0.0197  -0.1378  -0.1772  -0.1845  -0.1642  -0.1579   0.0139
  -0.5139   0.0197  -0.1385  -0.1770  -0.1849  -0.1651  -0.1582   0.0143
  -0.9035   0.0204  -0.1390  -0.1779  -0.1846  -0.1643  -0.1587   0.0140
  -1.0916   0.0201  -0.1395  -0.1782  -0.1851  -0.1649  -0.1582   0.0143
  -1.0544   0.0195  -0.1385  -0.1782  -0.1854  -0.1643  -0.1582   0.0134
  -0.7869   0.0198  -0.1379  -0.1773  -0.1857  -0.1646  -0.1587   0.0134
  -0.3458   0.0191  -0.1370  -0.1775  -0.1843  -0.1637  -0.1582   0.0143
   0.1530   0.0198  -0.1361  -0.1770  -0.1852  -0.1636  -0.1585   0.0140
   0.6180   0.0191  -0.1357  -0.1765  -0.1845  -0.1637  -0.1584   0.0136
   0.9500   0.0206  -0.1349  -0.1770  -0.1846  -0.1643  -0.1584   0.0150
   1.0500   0.0191  -0.1357  -0.1773  -0.1846  -0.1643  -0.1578   0.0139
   0.8578   0.0203  -0.1367  -0.1773  -0.1849  -0.1643  -0.1582   0.0136
   0.4590   0.0198  -0.1375  -0.1776  -0.1852  -0.1642  -0.1585   0.0133
  -0.0305   0.0198  -0.1387  -0.1787  -0.1848  -0.1643  -0.1587   0.0137
  -0.5179   0.0192  -0.1385  -0.1784  -0.1862  -0.1646  -0.1591   0.0130
  -0.9059   0.0191  -0.1399  -0.1791  -0.1859  -0.1653  -0.1584   0.0137
  -1.0918   0.0197  -0.1393  -0.1787  -0.1852  -0.1643  -0.1590   0.0140
  -1.0526   0.0198  -0.1396  -0.1784  -0.1857  -0.1645  -0.1585   0.0139
  -0.7834   0.0200  -0.1381  -0.1775  -0.1854  -0.1642  -0.1582   0.0139
  -0.3452   0.0191  -0.1375  -0.1782  -0.1851  -0.1646  -0.1588   0.0133
   0.1546   0.0195  -0.1364  -0.1773  -0.1849  -0.1639  -0.1588   0.0140
   0.6210   0.0197  -0.1369  -0.1768  -0.1845  -0.1643  -0.1585   0.0143
   0.9514   0.0200  -0.1358  -0.1768  -0.1851  -0.1640  -0.1585   0.0136
   1.0519   0.0203  -0.1360  -0.1773  -0.1845  -0.1636  -0.1582   0.0145
   0.8545   0.0191  -0.1372  -0.1775  -0.1859  -0.1651  -0.1591   0.0128
   0.4564   0.0198  -0.1372  -0.1772  -0.1857  -0.1640  -0.1585   0.0134
  -0.0316   0.0197  -0.1390  -0.1782  -0.1854  -0.1642  -0.1585   0.0140
  -0.5205   0.0198  -0.1385  -0.1782  -0.1859  -0.1642  -0.1588   0.0148
  -0.9085   0.0197  -0.1392  -0.1787  -0.1859  -0.1653  -0.1585   0.0136
  -1.0925   0.0198  -0.1398  -0.1788  -0.1859  -0.1651  -0.1591   0.0136
  -1.0521   0.0203  -0.1393  -0.1776  -0.1857  -0.1642  -0.1582   0.0146
  -0.7831   0.0203  -0.1384  -0.1779  -0.1854  -0.1649  -0.1585   0.0143
  -0.3409   0.0204  -0.1370  -0.1772  -0.1849  -0.1649  -0.1584   0.0136
   0.1582   0.0201  -0.1355  -0.1768  -0.1849  -0.1639  -0.1582   0.0148
   0.6219   0.0192  -0.1366  -0.1761  -0.1839  -0.1639  -0.1582   0.0134
   0.9515   0.0192  -0.1353  -0.1765  -0.1849  -0.1639  -0.1582   0.0139
   1.0504   0.0195  -0.1360  -0.1770  -0.1849  -0.1643  -0.1576   0.0139
   0.8534   0.0197  -0.1369  -0.1775  -0.1842  -0.1642  -0.1579   0.0143
   0.4549   0.0197  -0.1375  -0.1775  -0.1849  -0.1645  -0.1585   0.0145
  -0.0360   0.0200  -0.1387  -0.1785  -0.1849  -0.1643  -0.1587   0.0137
  -0.5234   0.0197  -0.1387  -0.1785  -0.1849  -0.1649  -0.1587   0.0146
  -0.9100   0.0198  -0.1393  -0.1781  -0.1860  -0.1645  -0.1585   0.0137
  -1.0939   0.0197  -0.1399  -0.1787  -0.1859  -0.1653  -0.1588   0.0133
  -1.0497   0.0200  -0.1382  -0.1779  -0.1852  -0.1642  -0.1582   0.0137
  -0.7793   0.0200  -0.1376  -0.1779  -0.1854  -0.1643  -0.1581   0.0143
  -0.3358   0.0198  -0.1373  -0.1776  -0.1848  -0.1642  -0.1585   0.0143
   0.1614   0.0195  -0.1367  -0.1770  -0.1848  -0.1642  -0.1581   0.0137
   0.6277   0.0204  -0.1357  -0.1767  -0.1843  -0.1636  -0.1576   0.0148
   0.9546   0.0198  -0.1358  -0.1767  -0.1845  -0.1642  -0.1585   0.0139
   1.0503   0.0197  -0.1357  -0.1767  -0.1846  -0.1643  -0.1582   0.0137
   0.8525   0.0192  -0.1366  -0.1764  -0.1852  -0.1640  -0.1585   0.0136
   0.4515   0.0192  -0.1375  -0.1776  -0.1852  -0.1646  -0.1588   0.0136
  -0.0389   0.0192  -0.1385  -0.1776  -0.1848  -0.1649  -0.1591   0.0143
  -0.5241   0.0192  -0.1387  -0.1781  -0.1854  -0.1646  -0.1588   0.0136
  -0.9106   0.0197  -0.1385  -0.1782  -0.1852  -0.1649  -0.1584   0.0134
  -1.0939   0.0200  -0.1393  -0.1782  -0.1852  -0.1643  -0.1590   0.0137
  -1.0497   0.0198  -0.1385  -0.1779  -0.1857  -0.1654  -0.1585   0.0139
  -0.7759   0.0198  -0.1379  -0.1773  -0.1857  -0.1642  -0.1582   0.0145
  -0.3363   0.0195  -0.1378  -0.1772  -0.1846  -0.1645  -0.1581   0.0143
   0.1645   0.0197  -0.1366  -0.1770  -0.1849  -0.1634  -0.1587   0.0148
   0.6296   0.0203  -0.1372  -0.1781  -0.1860  -0.1646  -0.1588   0.0139
   0.9543   0.0197  -0.1360  -0.1770  -0.1845  -0.1637  -0.1585   0.0140
   1.0486   0.0192  -0.1364  -0.1773  -0.1846  -0.1642  -0.1581   0.0145
   0.8498   0.0195  -0.1358  -0.1768  -0.1851  -0.1637  -0.1585   0.0151
   0.4485   0.0192  -0.1376  -0.1775  -0.1851  -0.1637  -0.1587   0.0146
  -0.0447   0.0197  -0.1381  -0.1781  -0.1852  -0.1643  -0.1584   0.0143
  -0.5287   0.0189  -0.1393  -0.1781  -0.1849  -0.1639  -0.1585   0.0146
  -0.9142   0.0203  -0.1387  -0.1779  -0.1848  -0.1633  -0.1582   0.0153
  -1.0944   0.0200  -0.1385  -0.1781  -0.1846  -0.1642  -0.1585   0.0140
  -1.0487   0.0197  -0.1382  -0.1775  -0.1846  -0.1637  -0.1585   0.0139
  -0.7732   0.0204  -0.1379  -0.1772  -0.1846  -0.1640  -0.1582   0.0139
  -0.3323   0.0197  -0.1372  -0.1770  -0.1846  -0.1642  -0.1578   0.0143
   0.1678   0.0192  -0.1358  -0.1768  -0.1840  -0.1636  -0.1579   0.0140
   0.6331   0.0200  -0.1358  -0.1762  -0.1842  -0.1634  -0.1576   0.0150
   0.9579   0.0191  -0.1353  -0.1762  -0.1840  -0.1634  -0.1579   0.0151
   1.0475   0.0198  -0.1369  -0.1782  -0.1863  -0.1653  -0.1588   0.0139
   0.8467   0.0198  -0.1378  -0.1785  -0.1863  -0.1657  -0.1595   0.0139
   0.4419   0.0200  -0.1381  -0.1784  -0.1862  -0.1654  -0.1595   0.0137
  -0.0461   0.0198  -0.1390  -0.1788  -0.1866  -0.1649  -0.1595   0.0151
  -0.5325   0.0198  -0.1385  -0.1779  -0.1846  -0.1639  -0.1582   0.0133
  -0.9148   0.0208  -0.1390  -0.1776  -0.1848  -0.1640  -0.1584   0.0140
  -1.0956   0.0204  -0.1384  -0.1781  -0.1843  -0.1643  -0.1585   0.0146
  -1.0481   0.0191  -0.1395  -0.1784  -0.1848  -0.1643  -0.1582   0.0134
  -0.7713   0.0191  -0.1378  -0.1775  -0.1854  -0.1643  -0.1584   0.0139
  -0.3284   0.0197  -0.1376  -0.1773  -0.1851  -0.1642  -0.1581   0.0145
   0.1718   0.0195  -0.1369  -0.1775  -0.1846  -0.1640  -0.1582   0.0136
   0.6343   0.0198  -0.1369  -0.1772  -0.1851  -0.1642  -0.1587   0.0130
   0.9595   0.0200  -0.1358  -0.1764  -0.1842  -0.1636  -0.1578   0.0145
   1.0486   0.0200  -0.1352  -0.1759  -0.1840  -0.1634  -0.1581   0.0150
   0.8432   0.0189  -0.1358  -0.1770  -0.1849  -0.1636  -0.1573   0.0139
   0.4424   0.0203  -0.1370  -0.1765  -0.1843  -0.1639  -0.1584   0.0139
  -0.0502   0.0206  -0.1373  -0.1773  -0.1845  -0.1639  -0.1579   0.0145
  -0.5362   0.0197  -0.1382  -0.1781  -0.1849  -0.1640  -0.1584   0.0137
  -0.9174   0.0191  -0.1392  -0.1779  -0.1857  -0.1640  -0.1591   0.0128
  -1.0951   0.0201  -0.1382  -0.1775  -0.1843  -0.1631  -0.1575   0.0153
  -1.0446   0.0201  -0.1378  -0.1770  -0.1840  -0.1636  -0.1569   0.0146
  -0.7687   0.0189  -0.1369  -0.1767  -0.1842  -0.1636  -0.1579   0.0134
  -0.3221   0.0200  -0.1360  -0.1761  -0.1842  -0.1636  -0.1575   0.0140
   0.1772   0.0201  -0.1355  -0.1750  -0.1840  -0.1627  -0.1569   0.0146
   0.6386   0.0200  -0.1347  -0.1758  -0.1836  -0.1631  -0.1567   0.0137
   0.9621   0.0191  -0.1347  -0.1756  -0.1842  -0.1636  -0.1575   0.0139
   1.0468   0.0197  -0.1350  -0.1758  -0.1840  -0.1634  -0.1573   0.0134
   0.8426   0.0198  -0.1361  -0.1764  -0.1848  -0.1637  -0.1575   0.0139
   0.4358   0.0189  -0.1367  -0.1772  -0.1845  -0.1643  -0.1581   0.0121
  -0.0525   0.0195  -0.1381  -0.1775  -0.1851  -0.1643  -0.1585   0.0133
  -0.5386   0.0197  -0.1387  -0.1770  -0.1849  -0.1640  -0.1584   0.0137
  -0.9192   0.0203  -0.1396  -0.1779  -0.1845  -0.1643  -0.1582   0.0133
  -1.0956   0.0198  -0.1385  -0.1775  -0.1846  -0.1643  -0.1582   0.0136
  -1.0429   0.0203  -0.1381  -0.1772  -0.1848  -0.1639  -0.1584   0.0148
  -0.7646   0.0201  -0.1376  -0.1765  -0.1842  -0.1642  -0.1581   0.0143
  -0.3168   0.0200  -0.1372  -0.1773  -0.1843  -0.1640  -0.1581   0.0146
   0.1804   0.0198  -0.1361  -0.1764  -0.1845  -0.1633  -0.1579   0.0143
   0.6430   0.0195  -0.1355  -0.1762  -0.1846  -0.1634  -0.1576   0.0140
   0.9625   0.0195  -0.1353  -0.1772  -0.1843  -0.1636  -0.1579   0.0131
   1.0471   0.0201  -0.1358  -0.1768  -0.1852  -0.1640  -0.1582   0.0140
   0.8376   0.0197  -0.1360  -0.1768  -0.1852  -0.1643  -0.1579   0.0137
   0.4326   0.0195  -0.1372  -0.1773  -0.1854  -0.1645  -0.1585   0.0139
  -0.0607   0.0195  -0.1379  -0.1782  -0.1854  -0.1643  -0.1581   0.0140
  -0.5452   0.0192  -0.1385  -0.1779  -0.1849  -0.1642  -0.1581   0.0139
  -0.9233   0.0198  -0.1393  -0.1776  -0.1849  -0.1645  -0.1584   0.0139
  -1.0980   0.0192  -0.1390  -0.1779  -0.1854  -0.1642  -0.1585   0.0139
  -1.0414   0.0195  -0.1392  -0.1779  -0.1846  -0.1646  -0.1585   0.0136
  -0.7610   0.0201  -0.1378  -0.1773  -0.1849  -0.1640  -0.1584   0.0137
  -0.3116   0.0200  -0.1372  -0.1768  -0.1852  -0.1645  -0.1584   0.0139
   0.1871   0.0200  -0.1366  -0.1770  -0.1843  -0.1636  -0.1579   0.0140
   0.6482   0.0198  -0.1352  -0.1764  -0.1845  -0.1639  -0.1581   0.0139
   0.9647   0.0200  -0.1353  -0.1768  -0.1846  -0.1637  -0.1581   0.0145
   1.0451   0.0198  -0.1357  -0.1767  -0.1845  -0.1637  -0.1578   0.0136
   0.8350   0.0197  -0.1358  -0.1772  -0.1845  -0.1643  -0.1585   0.0137
   0.4272   0.0195  -0.1375  -0.1773  -0.1849  -0.1640  -0.1578   0.0134
  -0.0667   0.0195  -0.1382  -0.1772  -0.1849  -0.1640  -0.1582   0.0134
  -0.5498   0.0198  -0.1384  -0.1787  -0.1851  -0.1640  -0.1582   0.0150
  -0.9279   0.0203  -0.1395  -0.1779  -0.1852  -0.1639  -0.1582   0.0136
  -1.0983   0.0191  -0.1390  -0.1782  -0.1859  -0.1646  -0.1587   0.0136
  -1.0405   0.0191  -0.1385  -0.1784  -0.1852  -0.1640  -0.1585   0.0139
  -0.7565   0.0197  -0.1378  -0.1775  -0.1851  -0.1643  -0.1581   0.0145
  -0.3081   0.0197  -0.1366  -0.1767  -0.1849  -0.1640  -0.1579   0.0136
   0.1910   0.0203  -0.1358  -0.1770  -0.1848  -0.1637  -0.1582   0.0130
   0.6541   0.0200  -0.1355  -0.1765  -0.1842  -0.1636  -0.1579   0.0146
   0.9671   0.0198  -0.1353  -0.1761  -0.1842  -0.1637  -0.1573   0.0133
   1.0429   0.0197  -0.1355  -0.1765  -0.1845  -0.1643  -0.1582   0.0140
   0.8321   0.0195  -0.1360  -0.1767  -0.1848  -0.1640  -0.1575   0.0136
   0.4222   0.0198  -0.1366  -0.1767  -0.1845  -0.1643  -0.1579   0.0146
  -0.0728   0.0198  -0.1379  -0.1776  -0.1849  -0.1636  -0.1579   0.0139
  -0.5537   0.0189  -0.1385  -0.1773  -0.1849  -0.1642  -0.1582   0.0136
  -0.9282   0.0203  -0.1385  -0.1775  -0.1848  -0.1640  -0.1582   0.0146
  -1.0995   0.0197  -0.1384  -0.1779  -0.1848  -0.1640  -0.1575   0.0143
  -1.0387   0.0198  -0.1385  -0.1768  -0.1848  -0.1637  -0.1578   0.0133
  -0.7503   0.0198  -0.1376  -0.1767  -0.1845  -0.1637  -0.1578   0.0139
  -0.3030   0.0200  -0.1364  -0.1770  -0.1842  -0.1637  -0.1576   0.0139
   0.1976   0.0192  -0.1357  -0.1767  -0.1846  -0.1631  -0.1575   0.0136
   0.6586   0.0189  -0.1357  -0.1761  -0.1839  -0.1637  -0.1572   0.0133
   0.9705   0.0200  -0.1344  -0.1761  -0.1839  -0.1633  -0.1573   0.0148
   1.0428   0.0198  -0.1355  -0.1758  -0.1842  -0.1628  -0.1576   0.0143
   0.8264   0.0192  -0.1358  -0.1768  -0.1840  -0.1639  -0.1573   0.0136
   0.4181   0.0200  -0.1369  -0.1764  -0.1848  -0.1634  -0.1582   0.0139
  -0.0789   0.0195  -0.1378  -0.1770  -0.1845  -0.1642  -0.1582   0.0140
  -0.5611   0.0195  -0.1385  -0.1781  -0.1848  -0.1639  -0.1584   0.0143
  -0.9329   0.0195  -0.1385  -0.1776  -0.1849  -0.1637  -0.1579   0.0133
  -1.0994   0.0201  -0.1392  -0.1776  -0.1849  -0.1639  -0.1579   0.0146
  -1.0356   0.0203  -0.1379  -0.1770  -0.1837  -0.1633  -0.1575   0.0148
  -0.7434   0.0195  -0.1375  -0.1768  -0.1845  -0.1639  -0.1581   0.0140
  -0.2946   0.0198  -0.1360  -0.1770  -0.1848  -0.1637  -0.1578   0.0139
   0.2051   0.0201  -0.1360  -0.1762  -0.1846  -0.1636  -0.1575   0.0143
   0.6625   0.0195  -0.1360  -0.1765  -0.1842  -0.1636  -0.1579   0.0128
   0.9726   0.0200  -0.1350  -0.1762  -0.1842  -0.1639  -0.1579   0.0137
   1.0396   0.0195  -0.1350  -0.1758  -0.1843  -0.1636  -0.1572   0.0140
   0.8215   0.0198  -0.1355  -0.1764  -0.1845  -0.1636  -0.1573   0.0143
   0.4088   0.0189  -0.1366  -0.1765  -0.1840  -0.1640  -0.1573   0.0134
  -0.0856   0.0200  -0.1376  -0.1775  -0.1852  -0.1633  -0.1576   0.0150
  -0.5667   0.0191  -0.1381  -0.1773  -0.1845  -0.1639  -0.1575   0.0139
  -0.9369   0.0198  -0.1387  -0.1779  -0.1851  -0.1639  -0.1582   0.0148
  -1.1015   0.0197  -0.1385  -0.1775  -0.1852  -0.1636  -0.1585   0.0146
  -1.0339   0.0198  -0.1381  -0.1772  -0.1846  -0.1639  -0.1576   0.0145
  -0.7393   0.0203  -0.1372  -0.1773  -0.1849  -0.1636  -0.1578   0.0151
